1.000000 0.000000 0.000000 0.000000 0.000000 1.000000 0.000000 0.000000 0.000000 0.000000 1.000000 0.000000
0.999078 0.001478 0.042908 0.030703 -0.001539 0.999998 0.001376 -0.016439 -0.042906 -0.001441 0.999078 0.954989
0.996100 0.005443 0.088059 0.107107 -0.005880 0.999972 0.004706 -0.031496 -0.088031 -0.005205 0.996104 1.943257
0.991121 0.009263 0.132638 0.219980 -0.009986 0.999939 0.004788 -0.043809 -0.132585 -0.006070 0.991153 2.876685
0.983937 0.011816 0.178127 0.375170 -0.012419 0.999920 0.002267 -0.056893 -0.178086 -0.004443 0.984005 3.811525
0.974644 0.010918 0.223494 0.576846 -0.012106 0.999919 0.003945 -0.071284 -0.223433 -0.006550 0.974697 4.744093
0.962887 0.011216 0.269673 0.827570 -0.012851 0.999908 0.004299 -0.084641 -0.269600 -0.007606 0.962942 5.671904
0.949276 0.012877 0.314181 1.146639 -0.015941 0.999847 0.007188 -0.097723 -0.314040 -0.011832 0.949336 6.653885
0.934131 0.013230 0.356686 1.488739 -0.017526 0.999808 0.008816 -0.107815 -0.356501 -0.014486 0.934183 7.572440
0.917196 0.013983 0.398192 1.864723 -0.018622 0.999796 0.007786 -0.116987 -0.398002 -0.014556 0.917269 8.461950
0.897878 0.012923 0.440055 2.267443 -0.018145 0.999806 0.007662 -0.126683 -0.439870 -0.014865 0.897938 9.307960
0.876113 0.012435 0.481945 2.706254 -0.017779 0.999821 0.006524 -0.136739 -0.481778 -0.014284 0.876177 10.129991
0.852535 0.012364 0.522524 3.186330 -0.017968 0.999823 0.005657 -0.147899 -0.522361 -0.014212 0.852606 10.928497
0.827455 0.012208 0.561399 3.693296 -0.018423 0.999816 0.005412 -0.159540 -0.561230 -0.014821 0.827527 11.688841
0.800514 0.010883 0.599215 4.239918 -0.018982 0.999794 0.007200 -0.170976 -0.599013 -0.017138 0.800556 12.425155
0.772549 0.011961 0.634843 4.820241 -0.020420 0.999773 0.006014 -0.181523 -0.634627 -0.017610 0.772618 13.144962
0.741326 0.008800 0.671088 5.440736 -0.020234 0.999753 0.009243 -0.192180 -0.670840 -0.020431 0.741320 13.834284
0.709671 0.009529 0.704469 6.067658 -0.020776 0.999757 0.007407 -0.200998 -0.704227 -0.019893 0.709696 14.474603
0.676350 0.010618 0.736504 6.740907 -0.022701 0.999722 0.006435 -0.211415 -0.736231 -0.021072 0.676402 15.100907
0.640891 0.008697 0.767582 7.473321 -0.024644 0.999654 0.009250 -0.222200 -0.767236 -0.024844 0.640884 15.712888
0.604799 0.009790 0.796318 8.203694 -0.026175 0.999629 0.007590 -0.231203 -0.795948 -0.025434 0.604831 16.276045
0.567921 0.009355 0.823030 8.959671 -0.028430 0.999562 0.008256 -0.241178 -0.822592 -0.028088 0.567939 16.803035
0.529685 0.008740 0.848149 9.743117 -0.033729 0.999373 0.010766 -0.250283 -0.847523 -0.034310 0.529648 17.293132
0.491662 0.008022 0.870749 10.549187 -0.035744 0.999301 0.010976 -0.257600 -0.870052 -0.036521 0.491605 17.754303
0.453412 0.003784 0.891293 11.375059 -0.036186 0.999245 0.014166 -0.264184 -0.890566 -0.038676 0.453207 18.172765
0.418037 -0.000254 0.908430 12.204424 -0.037513 0.999142 0.017542 -0.267650 -0.907655 -0.041411 0.417669 18.552522
0.383176 0.000573 0.923675 13.048234 -0.041184 0.999016 0.016465 -0.268888 -0.922757 -0.044350 0.382822 18.910170
0.350175 -0.000233 0.936684 13.926146 -0.040938 0.999041 0.015553 -0.270899 -0.935789 -0.043792 0.349829 19.247048
0.317183 -0.002003 0.948362 14.807068 -0.040164 0.999072 0.015543 -0.273637 -0.947513 -0.043020 0.316808 19.547302
0.284669 -0.002630 0.958622 15.693381 -0.040981 0.999049 0.014910 -0.276420 -0.957749 -0.043530 0.284291 19.818208
0.252124 -0.000309 0.967695 16.594404 -0.043345 0.998993 0.011612 -0.280376 -0.966724 -0.044872 0.251856 20.064503
0.220024 0.000421 0.975494 17.530098 -0.045653 0.998909 0.009866 -0.287062 -0.974425 -0.046705 0.219803 20.286889
0.188624 -0.001494 0.982048 18.469799 -0.046112 0.998882 0.010377 -0.294838 -0.980966 -0.047241 0.188345 20.476679
0.157067 -0.003038 0.987583 19.410900 -0.045935 0.998891 0.010378 -0.302256 -0.986519 -0.046994 0.156753 20.635441
0.126128 -0.002574 0.992011 20.404001 -0.045081 0.998949 0.008323 -0.310327 -0.990989 -0.045770 0.125879 20.772680
0.096164 -0.002887 0.995361 21.406303 -0.045030 0.998959 0.007248 -0.320173 -0.994346 -0.045518 0.095934 20.880331
0.067616 -0.006180 0.997692 22.413295 -0.045644 0.998915 0.009281 -0.330266 -0.996667 -0.046166 0.067260 20.957408
0.040505 -0.010362 0.999126 23.410215 -0.046157 0.998859 0.012230 -0.338045 -0.998113 -0.046613 0.039981 21.004338
0.016209 -0.015363 0.999751 24.423314 -0.046983 0.998766 0.016109 -0.342748 -0.998764 -0.047232 0.015467 21.023492
-0.004960 -0.021862 0.999749 25.504070 -0.047129 0.998655 0.021604 -0.342826 -0.998876 -0.047010 -0.005983 21.020051
-0.024160 -0.027034 0.999343 26.561356 -0.046797 0.998569 0.025882 -0.337334 -0.998612 -0.046141 -0.025391 20.997047
-0.040531 -0.030001 0.998728 27.644110 -0.046932 0.998503 0.028089 -0.327372 -0.998075 -0.045734 -0.041878 20.957083
-0.054474 -0.032122 0.997998 28.699794 -0.046762 0.998468 0.029585 -0.315540 -0.997420 -0.045057 -0.055893 20.902490
-0.069146 -0.032171 0.997088 29.807728 -0.046157 0.998513 0.029016 -0.301646 -0.996538 -0.044017 -0.070528 20.833035
-0.081563 -0.032484 0.996139 30.884013 -0.046297 0.998513 0.028771 -0.288661 -0.995592 -0.043772 -0.082945 20.752351
-0.093605 -0.032934 0.995065 31.981377 -0.049436 0.998374 0.028393 -0.275760 -0.994381 -0.046534 -0.095081 20.654686
-0.103269 -0.034208 0.994065 33.066264 -0.053974 0.998129 0.028741 -0.263223 -0.993188 -0.050685 -0.104922 20.546090
-0.113625 -0.035365 0.992894 34.217757 -0.057085 0.997948 0.029012 -0.249253 -0.991882 -0.053383 -0.115411 20.419212
-0.119402 -0.035466 0.992212 35.480175 -0.058572 0.997873 0.028620 -0.233293 -0.991117 -0.054699 -0.121226 20.268976
-0.125380 -0.035586 0.991470 36.723888 -0.059235 0.997842 0.028324 -0.218002 -0.990339 -0.055178 -0.127218 20.114586
-0.132057 -0.036184 0.990581 37.914408 -0.060245 0.997779 0.028416 -0.203814 -0.989410 -0.055925 -0.133944 19.958849
-0.137215 -0.036290 0.989876 39.118003 -0.062253 0.997669 0.027946 -0.189458 -0.988583 -0.057789 -0.139154 19.793784
-0.140757 -0.036612 0.989367 40.384642 -0.063297 0.997604 0.027912 -0.174483 -0.988019 -0.058695 -0.142737 19.614776
-0.144654 -0.036404 0.988812 41.619136 -0.062234 0.997679 0.027626 -0.160012 -0.987523 -0.057542 -0.146584 19.436694
-0.147710 -0.036261 0.988366 42.918982 -0.060332 0.997797 0.027590 -0.144857 -0.987189 -0.055555 -0.149572 19.243738
-0.151396 -0.036476 0.987800 44.171042 -0.059326 0.997853 0.027754 -0.130586 -0.986691 -0.054400 -0.153235 19.051287
-0.152878 -0.038478 0.987496 45.440215 -0.060047 0.997757 0.029582 -0.115525 -0.986419 -0.054774 -0.154846 18.849912
-0.153658 -0.038616 0.987369 46.772531 -0.060222 0.997745 0.029649 -0.097454 -0.986287 -0.054905 -0.155637 18.637943
-0.153653 -0.040306 0.987303 48.244397 -0.061182 0.997639 0.031206 -0.076613 -0.986229 -0.055611 -0.155756 18.401464
-0.153479 -0.040048 0.987340 49.604506 -0.062017 0.997599 0.030824 -0.055681 -0.986204 -0.056501 -0.155594 18.188117
-0.153666 -0.039937 0.987316 50.969342 -0.063299 0.997528 0.030499 -0.035259 -0.986093 -0.057810 -0.155814 17.973073
-0.153530 -0.039937 0.987337 52.320174 -0.063393 0.997523 0.030491 -0.015373 -0.986108 -0.057909 -0.155682 17.760903
-0.153315 -0.038552 0.987425 53.607119 -0.062277 0.997629 0.029281 0.003092 -0.986213 -0.057004 -0.155352 17.559960
-0.152379 -0.039489 0.987533 54.976462 -0.062969 0.997559 0.030174 0.021996 -0.986314 -0.057587 -0.154493 17.347339
-0.151774 -0.040064 0.987603 56.385167 -0.063973 0.997481 0.030633 0.042744 -0.986343 -0.058530 -0.153955 17.130320
-0.151615 -0.041317 0.987576 57.773942 -0.064090 0.997434 0.031890 0.063949 -0.986360 -0.058459 -0.153874 16.916118
-0.151637 -0.041814 0.987552 59.110470 -0.064229 0.997410 0.032369 0.085577 -0.986347 -0.058521 -0.153930 16.708774
-0.151811 -0.043297 0.987461 60.618869 -0.062381 0.997468 0.034145 0.111636 -0.986439 -0.056415 -0.154127 16.474222
-0.152301 -0.045387 0.987292 62.060887 -0.060238 0.997514 0.036564 0.139145 -0.986497 -0.053903 -0.154657 16.249318
-0.151004 -0.047193 0.987406 63.776560 -0.060718 0.997417 0.038386 0.176654 -0.986667 -0.054157 -0.153480 15.982081
-0.149277 -0.049555 0.987553 65.284436 -0.062701 0.997208 0.040562 0.212000 -0.986805 -0.055866 -0.151968 15.749060
-0.148486 -0.049134 0.987693 66.882806 -0.062580 0.997230 0.040201 0.252537 -0.986932 -0.055841 -0.151149 15.504948
-0.147828 -0.050144 0.987741 68.450086 -0.061989 0.997220 0.041348 0.291904 -0.987068 -0.055116 -0.150525 15.264786
-0.147631 -0.050017 0.987777 70.001532 -0.060884 0.997286 0.041398 0.332515 -0.987167 -0.054028 -0.150276 15.030490
-0.147104 -0.051031 0.987804 71.677405 -0.061119 0.997229 0.042417 0.377112 -0.987231 -0.054134 -0.149815 14.778368
-0.146615 -0.051674 0.987843 73.325048 -0.061205 0.997195 0.043079 0.422396 -0.987298 -0.054145 -0.149367 14.529997
-0.145943 -0.051587 0.987947 74.905440 -0.062196 0.997142 0.042880 0.466545 -0.987336 -0.055188 -0.148734 14.293819
-0.146362 -0.050326 0.987950 76.509661 -0.063067 0.997148 0.041452 0.510728 -0.987219 -0.056240 -0.149119 14.054637
-0.146447 -0.049275 0.987991 78.204638 -0.063610 0.997161 0.040304 0.555208 -0.987171 -0.056944 -0.149165 13.799839
-0.146178 -0.048293 0.988079 79.903833 -0.064269 0.997161 0.039229 0.597843 -0.987168 -0.057768 -0.148867 13.544235
-0.146226 -0.047065 0.988131 81.639505 -0.063308 0.997265 0.038132 0.639698 -0.987223 -0.056981 -0.148806 13.284716
-0.146861 -0.045929 0.988090 83.336986 -0.062958 0.997330 0.037001 0.678546 -0.987151 -0.056774 -0.149361 13.029830
-0.148977 -0.044182 0.987853 85.123565 -0.062124 0.997446 0.035243 0.717469 -0.986887 -0.056119 -0.151342 12.760237
-0.150636 -0.043919 0.987613 86.923890 -0.062960 0.997411 0.034751 0.753844 -0.986582 -0.056946 -0.153011 12.484276
-0.153690 -0.043186 0.987175 88.625242 -0.064182 0.997371 0.033640 0.787008 -0.986032 -0.058189 -0.156057 12.221012
-0.157419 -0.043234 0.986585 90.389234 -0.064755 0.997343 0.033373 0.819690 -0.985407 -0.058633 -0.159800 11.940176
-0.162102 -0.041908 0.985884 92.217236 -0.064919 0.997386 0.031722 0.853002 -0.984636 -0.058860 -0.164399 11.643847
-0.167918 -0.039384 0.985014 93.879303 -0.063987 0.997530 0.028976 0.879715 -0.983722 -0.058163 -0.170024 11.365021
-0.173352 -0.038962 0.984089 95.703278 -0.065124 0.997484 0.028020 0.904852 -0.982704 -0.059231 -0.175453 11.046888
-0.177964 -0.039146 0.983258 97.777277 -0.066669 0.997392 0.027642 0.932179 -0.981776 -0.060633 -0.180110 10.672857
-0.183398 -0.039638 0.982239 99.560160 -0.068351 0.997283 0.027483 0.954484 -0.980660 -0.062096 -0.185609 10.342834
-0.188759 -0.039254 0.981239 101.385489 -0.069452 0.997232 0.026533 0.976983 -0.979564 -0.063140 -0.190963 9.995169
-0.193718 -0.038242 0.980312 103.241106 -0.069443 0.997268 0.025181 0.998107 -0.978596 -0.063198 -0.195844 9.632023
-0.198481 -0.036749 0.979416 105.116075 -0.069542 0.997306 0.023328 1.016891 -0.977634 -0.063481 -0.200502 9.256772
-0.204660 -0.036266 0.978161 107.046246 -0.069086 0.997356 0.022523 1.032932 -0.976392 -0.062968 -0.206625 8.858958
-0.210809 -0.035618 0.976878 108.893816 -0.068832 0.997396 0.021512 1.046494 -0.975101 -0.062706 -0.212712 8.465569
-0.216135 -0.035799 0.975707 110.775231 -0.069501 0.997357 0.021198 1.058745 -0.973886 -0.063231 -0.218052 8.054032
-0.221507 -0.035022 0.974530 112.709182 -0.070406 0.997321 0.019838 1.070549 -0.972614 -0.064218 -0.223379 7.619967
-0.228695 -0.035603 0.972847 114.769379 -0.070456 0.997316 0.019935 1.080977 -0.970945 -0.063984 -0.230589 7.144701
-0.236229 -0.035524 0.971048 116.764447 -0.070643 0.997315 0.019299 1.090984 -0.969126 -0.064039 -0.238104 6.669248
-0.243333 -0.035611 0.969289 118.731274 -0.071541 0.997263 0.018679 1.099456 -0.967301 -0.064799 -0.245215 6.183704
-0.251588 -0.035556 0.967181 120.686197 -0.072111 0.997236 0.017903 1.106621 -0.965144 -0.065240 -0.253456 5.686003
-0.256526 -0.036323 0.965855 122.643209 -0.071489 0.997269 0.018517 1.112541 -0.963890 -0.064298 -0.258422 5.169471
-0.261711 -0.038239 0.964389 125.218540 -0.070869 0.997279 0.020311 1.123520 -0.962541 -0.063030 -0.263708 4.474430
-0.266845 -0.040711 0.962879 127.323979 -0.071669 0.997179 0.022300 1.135620 -0.961071 -0.063058 -0.269010 3.891527
-0.271436 -0.041290 0.961571 129.476885 -0.071126 0.997208 0.022742 1.152236 -0.959825 -0.062219 -0.273615 3.284571
-0.275141 -0.040361 0.960556 131.630219 -0.071557 0.997207 0.021404 1.169540 -0.958737 -0.062845 -0.277261 2.669030
-0.279791 -0.039343 0.959254 133.784327 -0.072354 0.997183 0.019794 1.183879 -0.957330 -0.063867 -0.281850 2.045389
-0.284902 -0.037858 0.957809 136.108018 -0.073109 0.997167 0.017667 1.195149 -0.955764 -0.064992 -0.286863 1.354007
-0.291604 -0.036421 0.955846 138.848053 -0.073519 0.997172 0.015567 1.203651 -0.953710 -0.065733 -0.293457 0.527344
-0.297565 -0.036056 0.954021 141.273937 -0.074315 0.997129 0.014506 1.205265 -0.951805 -0.066582 -0.299390 -0.226642
-0.301904 -0.036171 0.952652 143.347197 -0.074834 0.997096 0.014142 1.204231 -0.950397 -0.067022 -0.303734 -0.880518
-0.306659 -0.035196 0.951169 146.146850 -0.074785 0.997118 0.012786 1.202518 -0.948877 -0.067212 -0.308407 -1.783497
-0.312031 -0.033413 0.949484 148.476061 -0.073903 0.997207 0.010805 1.196919 -0.947193 -0.066798 -0.313629 -2.546626
-0.316004 -0.033234 0.948176 150.544439 -0.073344 0.997251 0.010510 1.187784 -0.945919 -0.066222 -0.317573 -3.234334
-0.320852 -0.033865 0.946524 152.576399 -0.073371 0.997246 0.010808 1.178407 -0.944283 -0.065980 -0.322454 -3.917931
-0.325047 -0.033466 0.945105 154.656254 -0.074017 0.997208 0.009855 1.169362 -0.942797 -0.066750 -0.326617 -4.627313
-0.330239 -0.033827 0.943291 156.668356 -0.075578 0.997097 0.009297 1.158511 -0.940866 -0.068222 -0.331837 -5.324080
-0.334867 -0.034072 0.941649 158.664924 -0.076123 0.997058 0.009007 1.146637 -0.939185 -0.068665 -0.336476 -6.027233
-0.339217 -0.034422 0.940078 160.622191 -0.077325 0.996969 0.008603 1.134202 -0.937525 -0.069773 -0.340851 -6.727862
-0.343308 -0.034277 0.938597 162.685901 -0.077858 0.996933 0.007930 1.120233 -0.935990 -0.070355 -0.344923 -7.478654
-0.347987 -0.034773 0.936854 164.784484 -0.078121 0.996912 0.007985 1.104864 -0.934239 -0.070409 -0.349629 -8.251853
-0.351756 -0.035576 0.935416 166.921633 -0.078420 0.996885 0.008425 1.089709 -0.932801 -0.070391 -0.353450 -9.048976
-0.356180 -0.037269 0.933674 169.163871 -0.077929 0.996908 0.010065 1.075219 -0.931162 -0.069175 -0.357983 -9.898113
-0.359913 -0.037638 0.932227 171.278928 -0.076903 0.996983 0.010562 1.064602 -0.929811 -0.067889 -0.361721 -10.711732
-0.363232 -0.037121 0.930959 173.348460 -0.076049 0.997053 0.010084 1.055128 -0.928590 -0.067136 -0.364985 -11.515109
-0.366372 -0.036543 0.929751 175.438253 -0.076547 0.997025 0.009024 1.044288 -0.927314 -0.067864 -0.368080 -12.335359
-0.369333 -0.036627 0.928575 177.548284 -0.078153 0.996907 0.008237 1.031048 -0.926005 -0.069529 -0.371053 -13.171474
-0.372395 -0.036135 0.927371 179.588659 -0.079245 0.996830 0.007021 1.016408 -0.924685 -0.070875 -0.374078 -13.985535
-0.376323 -0.035369 0.925813 181.691824 -0.081036 0.996698 0.005137 0.998364 -0.922938 -0.073091 -0.377946 -14.834250
-0.379881 -0.034358 0.924397 183.762073 -0.082097 0.996619 0.003304 0.976272 -0.921385 -0.074635 -0.381417 -15.680032
-0.384573 -0.034529 0.922449 185.879228 -0.082103 0.996619 0.003076 0.949898 -0.919436 -0.074552 -0.386108 -16.556192
-0.389043 -0.033769 0.920601 187.992313 -0.081459 0.996674 0.002136 0.922875 -0.917611 -0.074160 -0.390500 -17.442333
-0.393385 -0.033350 0.918769 190.131950 -0.080802 0.996729 0.001584 0.893484 -0.915816 -0.073615 -0.394793 -18.351244
-0.398361 -0.032523 0.916652 192.511445 -0.080533 0.996752 0.000367 0.859532 -0.913686 -0.073675 -0.399687 -19.376192
-0.403118 -0.031940 0.914591 194.928343 -0.081203 0.996697 -0.000985 0.821657 -0.911538 -0.074665 -0.404380 -20.433772
-0.407444 -0.031879 0.912674 197.154254 -0.081991 0.996631 -0.001792 0.783136 -0.909542 -0.075561 -0.408685 -21.422020
-0.411091 -0.031829 0.911038 199.578248 -0.081936 0.996635 -0.002153 0.739461 -0.907904 -0.075532 -0.412316 -22.512066
-0.415190 -0.032858 0.909141 202.824642 -0.081712 0.996655 -0.001296 0.681318 -0.906057 -0.074826 -0.416486 -23.988479
-0.421084 -0.034454 0.906367 205.474951 -0.080400 0.996763 0.000537 0.635507 -0.903451 -0.072646 -0.422491 -25.212388
-0.424646 -0.034700 0.904694 207.650735 -0.079122 0.996864 0.001096 0.601617 -0.901896 -0.071116 -0.426060 -26.229615
-0.428303 -0.035331 0.902944 209.752328 -0.079264 0.996853 0.001408 0.570126 -0.900152 -0.070968 -0.429756 -27.219955
-0.430711 -0.035108 0.901807 211.863100 -0.079163 0.996861 0.000999 0.539007 -0.899011 -0.070959 -0.432138 -28.224409
-0.433870 -0.034848 0.900301 213.875132 -0.079380 0.996844 0.000330 0.508243 -0.897472 -0.071323 -0.435267 -29.187217
-0.436751 -0.034529 0.898920 215.924332 -0.080037 0.996792 -0.000599 0.475391 -0.896015 -0.072209 -0.438113 -30.176013
-0.440174 -0.035309 0.897218 217.970077 -0.081477 0.996675 -0.000749 0.440588 -0.894208 -0.073433 -0.441588 -31.171963
-0.443156 -0.034681 0.895774 220.001907 -0.081941 0.996635 -0.001952 0.405507 -0.892692 -0.074265 -0.444506 -32.168586
-0.446357 -0.035674 0.894144 222.045262 -0.082429 0.996596 -0.001388 0.367524 -0.891050 -0.074323 -0.447778 -33.183990
-0.449507 -0.037321 0.892497 224.100797 -0.081452 0.996677 0.000654 0.330860 -0.889555 -0.072402 -0.451053 -34.216524
-0.452603 -0.036924 0.890947 226.166869 -0.080201 0.996779 0.000568 0.298101 -0.888098 -0.071198 -0.454106 -35.263565
-0.456477 -0.036336 0.888993 228.235719 -0.079895 0.996803 -0.000282 0.265387 -0.886141 -0.071155 -0.457921 -36.315052
-0.458978 -0.035782 0.887727 230.282262 -0.080260 0.996773 -0.001319 0.230731 -0.884815 -0.071854 -0.460368 -37.367608
-0.462771 -0.035095 0.885783 232.282350 -0.079951 0.996796 -0.002277 0.194077 -0.882865 -0.071873 -0.464094 -38.407251
-0.466987 -0.035127 0.883566 234.520707 -0.079817 0.996806 -0.002556 0.150940 -0.880654 -0.071717 -0.468299 -39.586777
-0.472164 -0.035196 0.880808 236.641098 -0.079579 0.996825 -0.002827 0.109333 -0.877911 -0.071428 -0.473466 -40.714694
-0.477182 -0.034718 0.878118 238.757531 -0.079371 0.996838 -0.003719 0.067127 -0.875213 -0.071472 -0.478429 -41.853449
-0.480945 -0.034413 0.876075 240.902291 -0.079629 0.996814 -0.004558 0.022207 -0.873127 -0.071953 -0.482153 -43.021734
-0.484594 -0.033922 0.874081 242.720783 -0.080050 0.996775 -0.005697 -0.018675 -0.871069 -0.072731 -0.485746 -44.024401
-0.488941 -0.034838 0.871621 244.865702 -0.081179 0.996683 -0.005701 -0.069011 -0.868531 -0.073545 -0.490147 -45.222811
-0.494190 -0.035890 0.868613 246.803440 -0.081319 0.996675 -0.005084 -0.114949 -0.865542 -0.073147 -0.495466 -46.319850
-0.497902 -0.035936 0.866489 248.832129 -0.081263 0.996678 -0.005360 -0.161466 -0.863418 -0.073082 -0.499168 -47.480390
-0.501732 -0.035399 0.864299 250.911491 -0.081859 0.996621 -0.006701 -0.210142 -0.861141 -0.074113 -0.502934 -48.682010
-0.506819 -0.036389 0.861284 253.003229 -0.082203 0.996596 -0.006266 -0.262158 -0.858124 -0.073975 -0.508085 -49.905884
-0.510615 -0.036842 0.859020 255.195911 -0.082091 0.996606 -0.006053 -0.315578 -0.855882 -0.073609 -0.511907 -51.205472
-0.514765 -0.038773 0.856454 257.413759 -0.082811 0.996554 -0.004658 -0.369049 -0.853322 -0.073322 -0.516202 -52.536091
-0.517810 -0.041363 0.854495 259.537850 -0.084045 0.996458 -0.002695 -0.417109 -0.851357 -0.073212 -0.519452 -53.826207
-0.520322 -0.042322 0.852921 262.050137 -0.084837 0.996392 -0.002314 -0.468080 -0.849745 -0.073563 -0.522036 -55.364656
-0.523195 -0.044952 0.851027 264.104018 -0.086155 0.996282 -0.000342 -0.509305 -0.847847 -0.073499 -0.525122 -56.632579
-0.526603 -0.046743 0.848825 266.594701 -0.087375 0.996175 0.000651 -0.553239 -0.845609 -0.073824 -0.528673 -58.183666
-0.530014 -0.048383 0.846608 268.564521 -0.088524 0.996073 0.001505 -0.586041 -0.843356 -0.074147 -0.532216 -59.415553
-0.533212 -0.049487 0.844533 270.544452 -0.089811 0.995957 0.001656 -0.616973 -0.841201 -0.074966 -0.535501 -60.662097
-0.537335 -0.050407 0.841861 272.541327 -0.091066 0.995844 0.001502 -0.648422 -0.838438 -0.075858 -0.539693 -61.935495
-0.541009 -0.051332 0.839449 274.585564 -0.091570 0.995797 0.001878 -0.680896 -0.836017 -0.075852 -0.543436 -63.254047
-0.544421 -0.051213 0.837247 276.630862 -0.092827 0.995682 0.000544 -0.712996 -0.833660 -0.077423 -0.546824 -64.585556
-0.547429 -0.050105 0.835351 278.874718 -0.093540 0.995614 -0.001582 -0.751328 -0.831608 -0.079005 -0.549715 -66.055517
-0.550054 -0.050361 0.833610 280.939334 -0.092757 0.995688 -0.001053 -0.791489 -0.829962 -0.077902 -0.552353 -67.417861
-0.552878 -0.051099 0.831694 283.077273 -0.091691 0.995787 0.000228 -0.831416 -0.828202 -0.076133 -0.555234 -68.838257
-0.554862 -0.050828 0.830388 285.258960 -0.090493 0.995897 0.000491 -0.869183 -0.827006 -0.074871 -0.557185 -70.299370
-0.558084 -0.050816 0.828227 287.614452 -0.089833 0.995957 0.000575 -0.909123 -0.824907 -0.074082 -0.560392 -71.886686
-0.560643 -0.049738 0.826563 289.681263 -0.089122 0.996021 -0.000514 -0.944464 -0.823248 -0.073953 -0.562844 -73.286511
-0.564152 -0.049574 0.824181 291.714767 -0.088089 0.996113 -0.000381 -0.981694 -0.820958 -0.072816 -0.566326 -74.673010
-0.566006 -0.049454 0.822917 293.795611 -0.087469 0.996167 -0.000296 -1.019448 -0.819748 -0.072147 -0.568162 -76.103826
-0.568748 -0.049497 0.821021 295.891080 -0.088319 0.996092 -0.001130 -1.057532 -0.817756 -0.073154 -0.570897 -77.551617
-0.572385 -0.049301 0.818502 297.982012 -0.090025 0.995935 -0.002967 -1.098052 -0.815028 -0.075384 -0.574496 -79.006943
-0.575778 -0.047557 0.816222 300.222802 -0.089516 0.995972 -0.005116 -1.146540 -0.812691 -0.076011 -0.577716 -80.582685
-0.579951 -0.044692 0.813424 302.401075 -0.088236 0.996066 -0.008183 -1.199805 -0.809859 -0.076519 -0.581613 -82.126560
-0.585027 -0.042155 0.809918 304.607224 -0.086949 0.996153 -0.010957 -1.262268 -0.806340 -0.076832 -0.586441 -83.708266
-0.589463 -0.040072 0.806801 306.758760 -0.085926 0.996213 -0.013300 -1.330632 -0.803212 -0.077166 -0.590674 -85.268408
-0.593323 -0.039658 0.803987 308.860257 -0.085271 0.996262 -0.013786 -1.403594 -0.800435 -0.076736 -0.594487 -86.811837
-0.596908 -0.040484 0.801288 311.011352 -0.084720 0.996323 -0.012773 -1.479178 -0.797824 -0.075509 -0.598143 -88.406384
-0.600889 -0.041500 0.798255 313.107391 -0.085369 0.996271 -0.012468 -1.550694 -0.794761 -0.075638 -0.602191 -89.974738
-0.604850 -0.040882 0.795289 315.171562 -0.084393 0.996348 -0.012966 -1.620708 -0.791855 -0.074959 -0.606091 -91.533972
-0.610818 -0.039298 0.790795 318.022418 -0.082393 0.996500 -0.014121 -1.718371 -0.787473 -0.073781 -0.611918 -93.713267
-0.614821 -0.037454 0.787777 320.124257 -0.081498 0.996541 -0.016225 -1.795411 -0.784445 -0.074178 -0.615747 -95.345394
-0.619165 -0.036873 0.784395 322.182197 -0.081124 0.996556 -0.017189 -1.876824 -0.781059 -0.074276 -0.620024 -96.964296
-0.623935 -0.035711 0.780660 324.223695 -0.080151 0.996612 -0.018471 -1.960597 -0.777355 -0.074095 -0.624683 -98.589015
-0.628663 -0.035602 0.776862 326.265178 -0.079030 0.996705 -0.018276 -2.047557 -0.773651 -0.072885 -0.629406 -100.232657
-0.633695 -0.035324 0.772776 328.383793 -0.078032 0.996781 -0.018424 -2.137623 -0.769637 -0.071976 -0.634411 -101.959709
-0.637572 -0.033723 0.769652 330.431996 -0.077583 0.996773 -0.020595 -2.226127 -0.766474 -0.072843 -0.638131 -103.649600
-0.642048 -0.032993 0.765955 332.614300 -0.076584 0.996837 -0.021257 -2.326026 -0.762830 -0.072308 -0.642543 -105.466397
-0.647493 -0.031583 0.761417 334.844094 -0.075045 0.996927 -0.022464 -2.430751 -0.758368 -0.071686 -0.647873 -107.347097
-0.650561 -0.029897 0.758865 336.771004 -0.074968 0.996873 -0.024995 -2.525711 -0.755745 -0.073151 -0.650768 -108.993348
-0.653557 -0.027876 0.756364 338.708286 -0.076043 0.996683 -0.028974 -2.628371 -0.753047 -0.076452 -0.653509 -110.661373
-0.657301 -0.026136 0.753175 340.679630 -0.076623 0.996537 -0.032289 -2.743357 -0.749723 -0.078934 -0.657028 -112.372744
-0.660557 -0.023864 0.750396 342.576627 -0.074959 0.996597 -0.034291 -2.862405 -0.747024 -0.078900 -0.660098 -114.032968
-0.664770 -0.022557 0.746708 344.491770 -0.073262 0.996694 -0.035113 -2.987833 -0.743447 -0.078047 -0.664225 -115.724520
-0.667659 -0.022420 0.744129 346.462598 -0.073646 0.996633 -0.036050 -3.119205 -0.740815 -0.078872 -0.667062 -117.480150
-0.670615 -0.021999 0.741479 348.392516 -0.074276 0.996528 -0.037611 -3.251482 -0.738078 -0.080297 -0.669921 -119.217436
-0.674083 -0.018743 0.738417 350.381691 -0.071490 0.996640 -0.039964 -3.392399 -0.735188 -0.079729 -0.673159 -121.020854
-0.675850 -0.017758 0.736825 352.295041 -0.070785 0.996652 -0.040907 -3.534462 -0.733632 -0.079803 -0.674845 -122.771488
-0.679493 -0.017615 0.733471 354.323960 -0.071129 0.996584 -0.041960 -3.687626 -0.730226 -0.080683 -0.678425 -124.635318
-0.682473 -0.017260 0.730707 356.309740 -0.071164 0.996541 -0.042927 -3.841454 -0.727438 -0.081296 -0.681340 -126.480745
-0.685601 -0.016731 0.727785 358.349808 -0.070232 0.996593 -0.043251 -4.002367 -0.724582 -0.080767 -0.684440 -128.391168
-0.689090 -0.015062 0.724519 360.239779 -0.069035 0.996601 -0.044941 -4.153179 -0.721380 -0.080986 -0.687788 -130.172381
-0.691386 -0.013031 0.722368 362.123201 -0.069687 0.996378 -0.048724 -4.308745 -0.719117 -0.084027 -0.689790 -131.959518
-0.693649 -0.008510 0.720263 364.001325 -0.072920 0.995623 -0.058462 -4.475901 -0.716613 -0.093073 -0.691233 -133.751546
-0.695636 -0.007777 0.718352 365.855254 -0.081585 0.994328 -0.068239 -4.667144 -0.713747 -0.106076 -0.692325 -135.533839
-0.697884 -0.017378 0.716000 367.692587 -0.085488 0.994580 -0.059186 -4.878292 -0.711091 -0.102514 -0.695586 -137.320203
-0.699114 -0.019304 0.714750 369.519541 -0.081366 0.995290 -0.052706 -5.065500 -0.710366 -0.095004 -0.697392 -139.102610
-0.701024 -0.009266 0.713078 371.432930 -0.069687 0.996020 -0.055567 -5.246800 -0.709725 -0.088646 -0.698879 -140.975765
-0.702913 0.001059 0.711275 373.315873 -0.061218 0.996198 -0.061982 -5.433818 -0.708637 -0.087111 -0.700175 -142.823259
-0.705082 0.006837 0.709092 375.188799 -0.058702 0.995959 -0.067973 -5.637254 -0.706691 -0.089552 -0.701832 -144.669929
-0.707668 0.007270 0.706508 377.061471 -0.059050 0.995840 -0.069394 -5.856142 -0.704073 -0.090827 -0.704295 -146.529625
-0.710053 0.002738 0.704143 378.897825 -0.059992 0.996121 -0.064369 -6.073547 -0.701588 -0.087948 -0.707135 -148.367101
-0.712011 -0.004731 0.702152 380.738406 -0.064622 0.996175 -0.058817 -6.279336 -0.699188 -0.087253 -0.709594 -150.226380
-0.713263 -0.007212 0.700859 382.643145 -0.067424 0.996016 -0.058368 -6.478169 -0.697646 -0.088886 -0.710908 -152.152765
-0.715566 -0.007201 0.698508 384.491146 -0.066638 0.996090 -0.057997 -6.670245 -0.695359 -0.088048 -0.713248 -154.027918
-0.717925 -0.006725 0.696088 386.294230 -0.065459 0.996175 -0.057888 -6.857360 -0.693036 -0.087124 -0.715619 -155.868623
-0.719858 -0.007492 0.694081 388.165538 -0.064449 0.996343 -0.056089 -7.051852 -0.691122 -0.085109 -0.717709 -157.797349
-0.720949 -0.007747 0.692944 390.055758 -0.063480 0.996472 -0.054905 -7.244742 -0.690074 -0.083572 -0.718897 -159.762821
-0.722381 -0.007829 0.691451 391.897044 -0.062925 0.996531 -0.054457 -7.430300 -0.688626 -0.082848 -0.720368 -161.685833
-0.724211 -0.008050 0.689532 393.653557 -0.063097 0.996511 -0.054636 -7.606248 -0.686686 -0.083075 -0.722192 -163.521636
-0.725653 -0.007414 0.688021 395.377023 -0.061572 0.996630 -0.054200 -7.779837 -0.685300 -0.081694 -0.723664 -165.333781
-0.726846 -0.006767 0.686767 397.170783 -0.058796 0.996894 -0.052405 -7.959168 -0.684279 -0.078469 -0.724986 -167.227834
-0.727573 -0.005993 0.686004 398.988351 -0.056634 0.997073 -0.051355 -8.136868 -0.683689 -0.076216 -0.725783 -169.156610
-0.728494 -0.006345 0.685023 400.793709 -0.057937 0.996945 -0.052379 -8.310983 -0.682598 -0.077847 -0.726636 -171.071930
-0.729251 -0.006422 0.684217 402.612184 -0.061220 0.996558 -0.055895 -8.489888 -0.681503 -0.082649 -0.727134 -173.004436
-0.729948 -0.006657 0.683470 404.433457 -0.062986 0.996353 -0.057565 -8.678012 -0.680594 -0.085069 -0.727705 -174.942654
-0.730788 -0.005527 0.682582 406.261044 -0.061754 0.996402 -0.058048 -8.871134 -0.679805 -0.084573 -0.728500 -176.891869
-0.731907 -0.004628 0.681389 408.100471 -0.061349 0.996363 -0.059130 -9.067236 -0.678637 -0.085080 -0.729529 -178.858785
-0.732239 -0.004510 0.681033 409.871296 -0.063082 0.996128 -0.061228 -9.259446 -0.678120 -0.087794 -0.729688 -180.756029
-0.733298 -0.003285 0.679899 411.645825 -0.062331 0.996102 -0.062414 -9.457860 -0.677044 -0.088147 -0.730645 -182.663790
-0.733757 -0.001865 0.679410 413.413450 -0.059846 0.996287 -0.061898 -9.659002 -0.676771 -0.086078 -0.731144 -184.575044
-0.733706 -0.000848 0.679467 415.199377 -0.056578 0.996603 -0.059850 -9.860676 -0.677107 -0.082355 -0.731261 -186.510408
-0.733082 0.000415 0.680140 416.954228 -0.051324 0.997115 -0.055928 -10.053051 -0.678201 -0.075908 -0.730946 -188.412960
-0.731835 0.001818 0.681479 418.700474 -0.046638 0.997518 -0.052745 -10.233817 -0.679884 -0.070383 -0.729934 -190.297857
-0.730318 0.004192 0.683095 420.453187 -0.048693 0.997118 -0.058179 -10.408279 -0.681370 -0.075751 -0.728009 -192.172732
-0.729455 0.004647 0.684013 422.295726 -0.055400 0.996291 -0.065849 -10.605830 -0.681781 -0.085928 -0.726492 -194.128752
-0.727791 0.007052 0.685763 424.098773 -0.057736 0.995767 -0.071514 -10.819326 -0.683364 -0.091641 -0.724303 -196.043002
-0.725070 0.007819 0.688631 425.910726 -0.058494 0.995623 -0.072894 -11.047260 -0.686186 -0.093134 -0.721439 -197.957823
-0.723998 0.007840 0.689758 427.705645 -0.057828 0.995726 -0.072016 -11.275256 -0.687374 -0.092026 -0.720450 -199.841052
-0.720822 0.009504 0.693055 429.480980 -0.057726 0.995609 -0.073692 -11.498443 -0.690712 -0.093126 -0.717109 -201.693255
-0.718843 0.008382 0.695121 431.348265 -0.061595 0.995227 -0.075698 -11.737123 -0.692438 -0.097231 -0.714896 -203.628855
-0.717200 0.013065 0.696745 433.248190 -0.061795 0.994693 -0.082262 -11.985608 -0.694122 -0.102053 -0.712587 -205.583173
-0.716078 0.020463 0.697720 435.077240 -0.061037 0.993906 -0.091793 -12.242380 -0.695346 -0.108318 -0.710465 -207.452154
-0.715735 0.023767 0.697968 436.892456 -0.063832 0.993011 -0.099271 -12.521381 -0.695449 -0.115604 -0.709215 -209.300689
-0.715368 0.023805 0.698342 438.686980 -0.064341 0.992929 -0.099756 -12.815282 -0.695779 -0.116295 -0.708778 -211.131028
-0.714553 0.024427 0.699155 440.501499 -0.062211 0.993212 -0.098282 -13.113004 -0.696810 -0.113723 -0.708183 -212.980216
-0.713425 0.025045 0.700283 442.310866 -0.059677 0.993559 -0.096331 -13.405456 -0.698185 -0.110516 -0.707336 -214.819661
-0.712345 0.026313 0.701336 444.257401 -0.058778 0.993550 -0.096977 -13.713752 -0.699364 -0.110304 -0.706203 -216.786409
-0.711048 0.026695 0.702637 446.154676 -0.060619 0.993231 -0.099080 -14.015586 -0.700526 -0.113044 -0.704617 -218.693232
-0.710335 0.026266 0.703373 448.037395 -0.062598 0.992986 -0.100298 -14.320664 -0.701074 -0.115274 -0.703709 -220.582964
-0.709307 0.025743 0.704429 450.308475 -0.063830 0.992882 -0.100556 -14.690709 -0.702004 -0.116289 -0.702615 -222.855090
-0.708036 0.025941 0.705700 452.298094 -0.061946 0.993191 -0.098659 -15.015305 -0.703454 -0.113569 -0.701608 -224.841598
-0.706722 0.025869 0.707019 454.078427 -0.060592 0.993446 -0.096916 -15.300979 -0.704892 -0.111333 -0.700523 -226.614173
-0.706422 0.025976 0.707314 455.821365 -0.060302 0.993484 -0.096712 -15.576161 -0.705218 -0.110972 -0.700252 -228.342161
-0.705535 0.026600 0.708176 457.653587 -0.059854 0.993488 -0.096947 -15.864681 -0.706143 -0.110787 -0.699348 -230.156958
-0.704819 0.027376 0.708858 459.445107 -0.059096 0.993516 -0.097129 -16.146354 -0.706921 -0.110349 -0.698631 -231.921176
-0.703893 0.028533 0.709733 461.270668 -0.058093 0.993533 -0.097558 -16.433932 -0.707926 -0.109901 -0.697683 -233.718091
-0.703537 0.028391 0.710092 463.075129 -0.059052 0.993411 -0.098226 -16.719516 -0.708201 -0.111038 -0.697224 -235.493167
-0.703193 0.027360 0.710472 464.892794 -0.060837 0.993279 -0.098465 -17.008828 -0.708391 -0.112463 -0.696803 -237.280776
-0.702921 0.028161 0.710710 466.717384 -0.059630 0.993365 -0.098336 -17.299639 -0.708764 -0.111502 -0.696578 -239.073826
-0.703121 0.028842 0.710485 468.570686 -0.058590 0.993430 -0.098310 -17.594612 -0.708652 -0.110751 -0.696812 -240.894435
-0.702930 0.029837 0.710633 470.409832 -0.057973 0.993392 -0.099054 -17.887533 -0.708892 -0.110826 -0.696555 -242.701630
-0.702796 0.030180 0.710751 472.246003 -0.057352 0.993444 -0.098893 -18.181510 -0.709075 -0.110265 -0.696458 -244.504223
-0.702813 0.029276 0.710772 474.046492 -0.058246 0.993430 -0.098512 -18.469842 -0.708987 -0.110635 -0.696490 -246.275062
-0.702513 0.028362 0.711105 475.887707 -0.058741 0.993485 -0.097657 -18.763185 -0.709242 -0.110376 -0.696270 -248.083835
-0.702185 0.029503 0.711383 477.715762 -0.057202 0.993574 -0.097668 -19.052235 -0.709693 -0.109274 -0.695985 -249.877310
-0.701568 0.031422 0.711909 479.606206 -0.055959 0.993513 -0.098998 -19.351176 -0.710402 -0.109292 -0.695259 -251.729488
-0.701427 0.031545 0.712043 481.402732 -0.055506 0.993568 -0.098696 -19.638021 -0.710577 -0.108751 -0.695164 -253.485405
-0.701189 0.032353 0.712241 483.163250 -0.055931 0.993395 -0.100187 -19.918823 -0.710778 -0.110086 -0.694749 -255.204630
-0.700904 0.031594 0.712556 485.016100 -0.056569 0.993409 -0.099691 -20.217581 -0.711009 -0.110183 -0.694497 -257.014396
-0.700093 0.031028 0.713377 486.905583 -0.055754 0.993630 -0.097933 -20.520739 -0.711871 -0.108336 -0.693904 -258.861516
-0.699186 0.032131 0.714218 488.729023 -0.055071 0.993601 -0.098611 -20.809139 -0.712816 -0.108280 -0.692942 -260.639124
-0.698967 0.031997 0.714438 490.571652 -0.055411 0.993572 -0.098710 -21.101391 -0.713004 -0.108583 -0.692701 -262.427991
-0.698661 0.031977 0.714738 492.412244 -0.056014 0.993489 -0.099202 -21.393450 -0.713256 -0.109344 -0.692321 -264.212527
-0.698530 0.032488 0.714843 494.304052 -0.055616 0.993482 -0.099499 -21.694650 -0.713417 -0.109260 -0.692170 -266.045210
-0.698765 0.032910 0.714594 496.146195 -0.054486 0.993591 -0.099038 -21.988676 -0.713273 -0.108140 -0.692494 -267.830169
-0.698988 0.034420 0.714305 498.020266 -0.053027 0.993597 -0.099769 -22.287106 -0.713165 -0.107615 -0.692687 -269.648629
-0.699013 0.034326 0.714285 499.946109 -0.053108 0.993597 -0.099722 -22.595961 -0.713134 -0.107641 -0.692714 -271.521897
-0.698923 0.033110 0.714431 501.845319 -0.053808 0.993662 -0.098691 -22.900122 -0.713170 -0.107419 -0.692711 -273.368731
-0.698779 0.033872 0.714535 503.671590 -0.052978 0.993685 -0.098915 -23.189882 -0.713373 -0.106975 -0.692571 -275.140117
-0.698733 0.034024 0.714573 505.516544 -0.052336 0.993761 -0.098493 -23.483229 -0.713466 -0.106218 -0.692592 -276.931548
-0.698726 0.034063 0.714578 507.381276 -0.052434 0.993741 -0.098641 -23.778783 -0.713465 -0.106391 -0.692566 -278.742618
-0.698596 0.034111 0.714703 509.186366 -0.052448 0.993735 -0.098695 -24.064957 -0.713591 -0.106433 -0.692430 -280.492386
-0.698485 0.034208 0.714807 510.993213 -0.051794 0.993821 -0.098172 -24.351116 -0.713748 -0.105595 -0.692397 -282.241657
-0.698713 0.035489 0.714521 512.838228 -0.049956 0.993910 -0.098217 -24.641924 -0.713655 -0.104320 -0.692686 -284.027068
-0.698135 0.036839 0.715018 514.665173 -0.049347 0.993825 -0.099385 -24.930939 -0.714263 -0.104668 -0.692006 -285.799744
-0.697945 0.035526 0.715270 516.503580 -0.051680 0.993666 -0.099782 -25.224672 -0.714284 -0.106608 -0.691688 -287.583141
-0.698239 0.032778 0.715113 518.283872 -0.054735 0.993582 -0.098986 -25.509860 -0.713769 -0.108258 -0.691964 -289.309195
-0.698064 0.031496 0.715342 519.990408 -0.055613 0.993630 -0.098018 -25.781330 -0.713872 -0.108205 -0.691866 -290.963406
-0.697702 0.031927 0.715677 521.773659 -0.053748 0.993858 -0.096734 -26.062249 -0.714369 -0.105958 -0.691700 -292.691534
-0.697525 0.032515 0.715822 523.808191 -0.051636 0.994092 -0.095471 -26.378507 -0.714697 -0.103555 -0.691725 -294.662783
-0.697634 0.031845 0.715746 525.677642 -0.051928 0.994137 -0.094846 -26.666458 -0.714569 -0.103335 -0.691890 -296.475423
-0.698056 0.030649 0.715387 527.500690 -0.053001 0.994131 -0.094308 -26.945666 -0.714079 -0.103748 -0.692335 -298.242356
-0.698000 0.030117 0.715465 529.331563 -0.053006 0.994201 -0.093563 -27.224619 -0.714134 -0.103231 -0.692356 -300.017827
-0.697706 0.028960 0.715799 531.142517 -0.052829 0.994382 -0.091725 -27.498550 -0.714433 -0.101812 -0.692257 -301.775506
-0.697735 0.029054 0.715766 532.972141 -0.051722 0.994526 -0.090789 -27.770326 -0.714486 -0.100368 -0.692413 -303.547342
-0.697784 0.029951 0.715682 534.788719 -0.050258 0.994616 -0.090626 -28.037757 -0.714543 -0.099206 -0.692522 -305.304683
-0.697830 0.030102 0.715631 536.623237 -0.050170 0.994608 -0.090758 -28.307789 -0.714504 -0.099237 -0.692557 -307.082330
-0.697365 0.029442 0.716111 538.446762 -0.049825 0.994747 -0.089418 -28.576420 -0.714982 -0.098037 -0.692235 -308.851701
-0.696796 0.029681 0.716655 540.232696 -0.048794 0.994867 -0.088645 -28.835827 -0.715608 -0.096736 -0.691771 -310.579333
-0.696577 0.030318 0.716841 542.116027 -0.048424 0.994842 -0.089132 -29.107149 -0.715846 -0.096800 -0.691516 -312.397310
-0.696112 0.030953 0.717266 543.865595 -0.047912 0.994840 -0.089431 -29.360548 -0.716333 -0.096619 -0.691037 -314.084773
-0.696180 0.030433 0.717222 545.659737 -0.048371 0.994842 -0.089165 -29.620913 -0.716235 -0.096767 -0.691117 -315.814681
-0.696000 0.028612 0.717472 547.448757 -0.049289 0.994945 -0.087491 -29.880195 -0.716348 -0.096257 -0.691072 -317.545941
-0.695661 0.027793 0.717832 549.293190 -0.048962 0.995093 -0.085977 -30.142620 -0.716699 -0.094957 -0.690887 -319.326644
-0.695183 0.028716 0.718259 551.096917 -0.047673 0.995160 -0.085928 -30.395490 -0.717250 -0.093977 -0.690449 -321.063827
-0.694994 0.030079 0.718386 552.933063 -0.045849 0.995237 -0.086027 -30.652706 -0.717552 -0.092725 -0.690305 -322.831140
-0.694948 0.029167 0.718468 554.751268 -0.046869 0.995215 -0.085737 -30.907812 -0.717531 -0.093257 -0.690256 -324.582696
-0.694858 0.029904 0.718525 556.507682 -0.046636 0.995158 -0.086518 -31.153990 -0.717633 -0.093627 -0.690099 -326.274650
-0.694902 0.030612 0.718453 558.378213 -0.046581 0.995079 -0.087452 -31.417494 -0.717594 -0.094237 -0.690056 -328.072229
-0.694702 0.030998 0.718630 560.160701 -0.046336 0.995067 -0.087715 -31.671024 -0.717804 -0.094234 -0.689839 -329.785807
-0.694382 0.031836 0.718902 562.008565 -0.046321 0.994972 -0.088803 -31.934873 -0.718114 -0.094964 -0.689415 -331.563966
-0.694162 0.032525 0.719083 563.748030 -0.046151 0.994912 -0.089553 -32.185774 -0.718337 -0.095351 -0.689130 -333.234569
-0.693679 0.033992 0.719482 565.621552 -0.046485 0.994691 -0.091812 -32.457955 -0.718783 -0.097133 -0.688416 -335.032269
-0.693582 0.033512 0.719598 567.442272 -0.047702 0.994588 -0.092297 -32.728172 -0.718797 -0.098342 -0.688229 -336.780770
-0.693486 0.033637 0.719684 569.284339 -0.047312 0.994627 -0.092077 -33.002207 -0.718914 -0.097904 -0.688169 -338.546725
-0.693353 0.034782 0.719759 571.192051 -0.045479 0.994731 -0.091880 -33.285337 -0.719162 -0.096439 -0.688118 -340.376099
-0.693284 0.035539 0.719788 573.019943 -0.045053 0.994692 -0.092506 -33.556079 -0.719255 -0.096562 -0.688003 -342.124895
-0.693158 0.034905 0.719940 574.832449 -0.046161 0.994627 -0.092667 -33.826435 -0.719306 -0.097466 -0.687822 -343.862105
-0.693293 0.032935 0.719903 576.620098 -0.048234 0.994594 -0.091953 -34.093520 -0.719040 -0.098474 -0.687957 -345.576986
-0.693207 0.031647 0.720044 578.398055 -0.049483 0.994588 -0.091352 -34.357265 -0.719038 -0.098956 -0.687889 -347.281324
-0.693037 0.030993 0.720236 580.247112 -0.049831 0.994626 -0.090750 -34.629722 -0.719178 -0.098783 -0.687768 -349.052715
-0.692857 0.031241 0.720398 582.091669 -0.048695 0.994753 -0.089971 -34.899602 -0.719429 -0.097417 -0.687701 -350.817047
-0.692909 0.031826 0.720323 583.906647 -0.047860 0.994792 -0.089991 -35.163659 -0.719435 -0.096830 -0.687777 -352.554438
-0.692321 0.032460 0.720859 585.720259 -0.047190 0.994813 -0.090118 -35.427319 -0.720045 -0.096407 -0.687198 -354.288213
