1.000000 0.000000 0.000000 0.000000 0.000000 1.000000 0.000000 0.000000 0.000000 0.000000 1.000000 0.000000
0.999989 0.004397 0.001386 0.006841 -0.004398 0.999990 0.000939 0.000597 -0.001382 -0.000945 0.999999 0.987915
0.999988 0.004786 0.001184 0.016297 -0.004790 0.999982 0.003541 0.002812 -0.001167 -0.003547 0.999993 2.026738
0.999999 0.000661 0.001388 0.018448 -0.000667 0.999992 0.003956 0.006754 -0.001385 -0.003957 0.999991 3.001335
0.999979 -0.006541 0.000217 0.017965 0.006540 0.999962 0.005830 0.011677 -0.000255 -0.005828 0.999983 3.990739
0.999974 -0.006984 -0.001701 0.019208 0.007000 0.999929 0.009651 0.017434 0.001633 -0.009663 0.999952 4.840150
0.999983 -0.004990 -0.003141 0.018294 0.005029 0.999910 0.012443 0.027013 0.003078 -0.012459 0.999918 5.748438
0.999977 -0.002759 -0.006236 0.009606 0.002840 0.999912 0.012977 0.039243 0.006200 -0.012994 0.999896 6.693883
0.999977 -0.002701 -0.006156 -0.005560 0.002782 0.999909 0.013201 0.051454 0.006120 -0.013218 0.999894 7.609368
0.999963 -0.005192 -0.006845 -0.022605 0.005271 0.999919 0.011615 0.064181 0.006784 -0.011651 0.999909 8.567805
0.999933 -0.008709 -0.007560 -0.039761 0.008796 0.999895 0.011540 0.075428 0.007459 -0.011605 0.999905 9.505385
0.999902 -0.010986 -0.008716 -0.055532 0.011093 0.999862 0.012361 0.088266 0.008579 -0.012457 0.999886 10.534274
0.999884 -0.012402 -0.008885 -0.071355 0.012520 0.999832 0.013356 0.100301 0.008718 -0.013465 0.999871 11.465645
0.999864 -0.013346 -0.009731 -0.083606 0.013483 0.999810 0.014096 0.111959 0.009541 -0.014225 0.999853 12.330191
0.999869 -0.012440 -0.010338 -0.097061 0.012589 0.999816 0.014478 0.124968 0.010156 -0.014606 0.999842 13.238143
0.999880 -0.010872 -0.011019 -0.111725 0.011041 0.999821 0.015348 0.138017 0.010850 -0.015468 0.999821 14.122876
0.999888 -0.009317 -0.011743 -0.126842 0.009504 0.999827 0.015972 0.151287 0.011592 -0.016082 0.999803 14.982660
0.999866 -0.008811 -0.013762 -0.147717 0.009034 0.999827 0.016256 0.166074 0.013617 -0.016379 0.999773 15.892167
0.999870 -0.008367 -0.013775 -0.165506 0.008580 0.999843 0.015524 0.179863 0.013643 -0.015640 0.999785 16.756067
0.999833 -0.008945 -0.015933 -0.179908 0.009196 0.999834 0.015712 0.193384 0.015790 -0.015856 0.999750 17.627242
0.999804 -0.009658 -0.017302 -0.193913 0.009935 0.999823 0.015954 0.206976 0.017145 -0.016123 0.999723 18.494075
0.999751 -0.011318 -0.019219 -0.212087 0.011614 0.999815 0.015363 0.221071 0.019041 -0.015582 0.999697 19.385123
0.999700 -0.012385 -0.021119 -0.232384 0.012704 0.999806 0.015044 0.234267 0.020929 -0.015308 0.999664 20.254207
0.999669 -0.012309 -0.022580 -0.256318 0.012659 0.999801 0.015416 0.246956 0.022385 -0.015696 0.999626 21.101558
0.999624 -0.012064 -0.024635 -0.279436 0.012460 0.999794 0.015997 0.260221 0.024437 -0.016298 0.999569 21.959929
0.999589 -0.012701 -0.025708 -0.304547 0.013105 0.999792 0.015599 0.274134 0.025504 -0.015929 0.999548 22.837877
0.999545 -0.014399 -0.026488 -0.329250 0.014825 0.999763 0.015964 0.286866 0.026252 -0.016350 0.999522 23.665158
0.999473 -0.017730 -0.027204 -0.356631 0.018181 0.999699 0.016455 0.300956 0.026904 -0.016941 0.999494 24.541735
0.999415 -0.019417 -0.028152 -0.381396 0.019888 0.999665 0.016552 0.314079 0.027821 -0.017102 0.999467 25.358761
0.999399 -0.018620 -0.029230 -0.407834 0.019081 0.999697 0.015569 0.326913 0.028931 -0.016117 0.999451 26.172614
0.999397 -0.016348 -0.030627 -0.434326 0.016799 0.999753 0.014537 0.337985 0.030382 -0.015043 0.999425 26.939938
0.999400 -0.014650 -0.031386 -0.463006 0.015103 0.999784 0.014249 0.348852 0.031171 -0.014715 0.999406 27.726301
0.999374 -0.014740 -0.032172 -0.493446 0.015176 0.999796 0.013352 0.360612 0.031968 -0.013832 0.999393 28.579772
0.999329 -0.014712 -0.033553 -0.523034 0.015169 0.999795 0.013391 0.370721 0.033349 -0.013891 0.999347 29.370864
0.999271 -0.013674 -0.035641 -0.552659 0.014133 0.999820 0.012669 0.380527 0.035462 -0.013164 0.999284 30.155308
0.999217 -0.013445 -0.037205 -0.584866 0.013918 0.999825 0.012473 0.389808 0.037030 -0.012981 0.999230 30.933553
0.999094 -0.014727 -0.039918 -0.617172 0.015251 0.999801 0.012839 0.398236 0.039721 -0.013436 0.999120 31.662251
0.998989 -0.016661 -0.041749 -0.651676 0.017211 0.999769 0.012840 0.407429 0.041525 -0.013546 0.999046 32.425233
0.998914 -0.017953 -0.043006 -0.684870 0.018525 0.999744 0.012956 0.416474 0.042762 -0.013739 0.998991 33.178165
0.998822 -0.018911 -0.044680 -0.722591 0.019443 0.999745 0.011495 0.424456 0.044451 -0.012350 0.998935 33.890660
0.998750 -0.018700 -0.046362 -0.760485 0.019128 0.999778 0.008814 0.430968 0.046187 -0.009690 0.998886 34.597334
0.998618 -0.018471 -0.049205 -0.797944 0.018881 0.999791 0.007889 0.435970 0.049049 -0.008807 0.998758 35.296847
0.998515 -0.019848 -0.050728 -0.834767 0.020245 0.999768 0.007319 0.439937 0.050571 -0.008335 0.998686 35.958027
0.998383 -0.022001 -0.052407 -0.873195 0.022358 0.999730 0.006248 0.443449 0.052255 -0.007409 0.998606 36.625483
0.998268 -0.022909 -0.054196 -0.912276 0.023164 0.999723 0.004075 0.445258 0.054087 -0.005323 0.998522 37.230813
0.998280 -0.021695 -0.054461 -0.949132 0.021801 0.999761 0.001356 0.445622 0.054419 -0.002541 0.998515 37.837280
0.998321 -0.018667 -0.054827 -0.982857 0.018697 0.999825 0.000035 0.444377 0.054817 -0.001060 0.998496 38.386777
0.998440 -0.016934 -0.053206 -1.020804 0.016928 0.999857 -0.000575 0.443024 0.053208 -0.000327 0.998583 39.026474
0.998537 -0.018009 -0.050994 -1.056293 0.017973 0.999838 -0.001161 0.441213 0.051007 0.000243 0.998698 39.642992
0.998651 -0.021319 -0.047350 -1.093227 0.021089 0.999763 -0.005346 0.438193 0.047453 0.004341 0.998864 40.298149
0.998741 -0.025129 -0.043409 -1.125358 0.024711 0.999643 -0.010140 0.432284 0.043649 0.009055 0.999006 40.883670
0.998898 -0.026444 -0.038775 -1.155303 0.025928 0.999569 -0.013752 0.423681 0.039122 0.012731 0.999153 41.502006
0.999098 -0.026746 -0.032983 -1.179621 0.026167 0.999498 -0.017869 0.413209 0.033445 0.016989 0.999296 42.064774
0.999225 -0.029045 -0.026576 -1.200201 0.028480 0.999365 -0.021414 0.400732 0.027181 0.020640 0.999417 42.616508
0.999344 -0.030773 -0.019110 -1.214381 0.030271 0.999204 -0.025999 0.386482 0.019894 0.025403 0.999479 43.140983
0.999459 -0.030847 -0.011376 -1.222253 0.030503 0.999107 -0.029234 0.370459 0.012268 0.028871 0.999508 43.653582
0.999508 -0.031166 -0.003552 -1.226314 0.031036 0.999001 -0.032158 0.353675 0.004550 0.032032 0.999476 44.132629
0.999497 -0.031422 0.004366 -1.227955 0.031559 0.998846 -0.036193 0.335085 -0.003223 0.036313 0.999335 44.614123
0.999476 -0.029536 0.013280 -1.222811 0.030042 0.998760 -0.039706 0.315509 -0.012090 0.040084 0.999123 45.070907
0.999390 -0.027190 0.021906 -1.211107 0.028053 0.998802 -0.040084 0.296965 -0.020790 0.040674 0.998956 45.477161
0.999155 -0.027642 0.030409 -1.196514 0.028854 0.998776 -0.040171 0.278620 -0.029261 0.041015 0.998730 45.875175
0.998849 -0.029642 0.037703 -1.182173 0.031110 0.998756 -0.038972 0.260884 -0.036501 0.040100 0.998529 46.264411
0.998420 -0.031537 0.046511 -1.165833 0.033424 0.998626 -0.040359 0.244033 -0.045174 0.041849 0.998102 46.620276
0.997920 -0.032342 0.055772 -1.147031 0.034731 0.998497 -0.042405 0.226627 -0.054316 0.044254 0.997543 46.972329
0.997384 -0.032996 0.064309 -1.125702 0.035967 0.998312 -0.045606 0.209952 -0.062696 0.047800 0.996887 47.278145
0.996693 -0.033408 0.074074 -1.101488 0.037038 0.998152 -0.048181 0.193267 -0.072327 0.050765 0.996088 47.564480
0.995902 -0.034353 0.083660 -1.076608 0.038361 0.998168 -0.046788 0.177605 -0.081899 0.049806 0.995395 47.834480
0.994944 -0.033552 0.094662 -1.047936 0.037886 0.998297 -0.044361 0.162720 -0.093013 0.047723 0.994521 48.101957
0.993787 -0.030135 0.107140 -1.010509 0.034875 0.998481 -0.042647 0.147294 -0.105692 0.046119 0.993329 48.395484
0.992256 -0.026488 0.121353 -0.971632 0.031841 0.998594 -0.042381 0.132077 -0.120060 0.045917 0.991704 48.684724
0.990178 -0.025056 0.137547 -0.931455 0.031288 0.998571 -0.043332 0.117656 -0.136264 0.047210 0.989547 48.945099
0.987685 -0.024574 0.154511 -0.885420 0.031700 0.998536 -0.043823 0.102816 -0.153208 0.048181 0.987019 49.212525
0.984763 -0.024744 0.172133 -0.841250 0.032581 0.998550 -0.042849 0.089788 -0.170823 0.047804 0.984141 49.439584
0.981454 -0.025198 0.190033 -0.791106 0.033622 0.998584 -0.041237 0.076764 -0.188725 0.046861 0.980911 49.676188
0.977414 -0.026060 0.209720 -0.726483 0.035198 0.998581 -0.039956 0.062396 -0.208382 0.046435 0.976945 49.956771
0.972707 -0.026237 0.230547 -0.665369 0.036351 0.998549 -0.039730 0.049452 -0.229170 0.047026 0.972250 50.197994
0.967341 -0.025256 0.252218 -0.597030 0.036605 0.998513 -0.040403 0.036623 -0.250822 0.048316 0.966827 50.430515
0.960934 -0.024724 0.275670 -0.521200 0.037231 0.998497 -0.040230 0.023828 -0.274261 0.048922 0.960410 50.662891
0.953194 -0.025014 0.301324 -0.431631 0.038833 0.998447 -0.039957 0.010550 -0.299856 0.049788 0.952684 50.909291
0.944159 -0.024755 0.328560 -0.332650 0.040662 0.998305 -0.041630 -0.003260 -0.326973 0.052665 0.943565 51.155951
0.933529 -0.024925 0.357634 -0.229968 0.042827 0.998190 -0.042222 -0.016656 -0.355935 0.054731 0.932907 51.385681
0.921589 -0.025248 0.387346 -0.119947 0.044672 0.998151 -0.041225 -0.029633 -0.385589 0.055296 0.921012 51.609560
0.907840 -0.026431 0.418483 0.002996 0.046295 0.998228 -0.037383 -0.041820 -0.416753 0.053311 0.907455 51.837033
0.891411 -0.028093 0.452325 0.136674 0.047737 0.998345 -0.032072 -0.052525 -0.450675 0.050182 0.891276 52.059357
0.872765 -0.027276 0.487377 0.293723 0.047029 0.998491 -0.028338 -0.063057 -0.485869 0.047653 0.872732 52.302640
0.852760 -0.025058 0.521702 0.460396 0.045497 0.998615 -0.026404 -0.073196 -0.520318 0.046252 0.852719 52.544580
0.829906 -0.023206 0.557421 0.647248 0.044624 0.998694 -0.024860 -0.083316 -0.556116 0.045506 0.829858 52.795851
0.805410 -0.020915 0.592349 0.849815 0.044634 0.998680 -0.025427 -0.093679 -0.591035 0.046918 0.805280 53.045091
0.777721 -0.018657 0.628332 1.074737 0.045945 0.998573 -0.027218 -0.104961 -0.626928 0.050037 0.777469 53.300894
0.748166 -0.015643 0.663327 1.302548 0.047464 0.998423 -0.029989 -0.116802 -0.661812 0.053921 0.747728 53.535819
0.714887 -0.014726 0.699085 1.547080 0.048917 0.998382 -0.028991 -0.128466 -0.697527 0.054922 0.714450 53.759839
0.677572 -0.017211 0.735255 1.821346 0.052701 0.998292 -0.025199 -0.139443 -0.733565 0.055823 0.677322 53.985007
0.637916 -0.018401 0.769886 2.117159 0.055297 0.998228 -0.021960 -0.149371 -0.768118 0.056581 0.637804 54.203759
0.594502 -0.018937 0.803871 2.426230 0.057831 0.998141 -0.019256 -0.158234 -0.802012 0.057937 0.594492 54.407715
0.548418 -0.019561 0.835975 2.777053 0.058431 0.998179 -0.014975 -0.165924 -0.834160 0.057060 0.548563 54.611360
0.499921 -0.020448 0.865830 3.151634 0.060718 0.998089 -0.011487 -0.172360 -0.863940 0.058314 0.500207 54.806296
0.450273 -0.020526 0.892655 3.551083 0.064533 0.997869 -0.009606 -0.177662 -0.890556 0.061931 0.450638 54.984578
0.398354 -0.020086 0.917012 3.980893 0.068676 0.997607 -0.007982 -0.182238 -0.914657 0.066156 0.398781 55.151073
0.347595 -0.015890 0.937510 4.421102 0.072406 0.997326 -0.009942 -0.187516 -0.934845 0.071338 0.347816 55.305801
0.297273 -0.015466 0.954667 4.869356 0.072256 0.997366 -0.006342 -0.191802 -0.952055 0.070866 0.297607 55.430797
0.247645 -0.023246 0.968572 5.342309 0.073837 0.997257 0.005055 -0.191930 -0.966033 0.070265 0.248682 55.530924
0.200499 -0.035268 0.979059 5.825759 0.076033 0.996898 0.020340 -0.185414 -0.976739 0.070362 0.202559 55.609757
0.155642 -0.041967 0.986922 6.312878 0.075321 0.996693 0.030504 -0.172875 -0.984938 0.069588 0.158288 55.668816
0.116128 -0.043253 0.992292 6.804033 0.071361 0.996833 0.035100 -0.157061 -0.990667 0.066735 0.118847 55.711994
0.080953 -0.049281 0.995499 7.309636 0.069064 0.996654 0.043722 -0.137393 -0.994322 0.065213 0.084086 55.737138
0.049967 -0.055941 0.997183 7.848187 0.068561 0.996267 0.052455 -0.111558 -0.996395 0.065746 0.053616 55.743891
0.023694 -0.060489 0.997888 8.375097 0.068214 0.995939 0.058752 -0.082775 -0.997389 0.066678 0.027724 55.742226
0.003392 -0.065163 0.997869 8.906800 0.067094 0.995641 0.064790 -0.050929 -0.997741 0.066731 0.007749 55.738458
-0.012669 -0.066722 0.997691 9.470315 0.064383 0.995646 0.067402 -0.014760 -0.997845 0.065089 -0.008318 55.728999
-0.026415 -0.067005 0.997403 10.083047 0.063673 0.995612 0.068571 0.025876 -0.997621 0.065319 -0.022033 55.714378
-0.038462 -0.066655 0.997034 10.684171 0.062656 0.995649 0.068980 0.066113 -0.997294 0.065124 -0.034118 55.693585
-0.047448 -0.071425 0.996317 11.256466 0.058875 0.995506 0.074171 0.106227 -0.997137 0.062177 -0.043030 55.658331
-0.054088 -0.075723 0.995661 11.855376 0.056583 0.995286 0.078769 0.151244 -0.996932 0.060598 -0.049548 55.617922
-0.058663 -0.075185 0.995442 12.450752 0.057216 0.995267 0.078544 0.197074 -0.996637 0.061563 -0.054084 55.582427
-0.062455 -0.072439 0.995415 13.060594 0.059709 0.995305 0.076177 0.243274 -0.996260 0.064193 -0.057836 55.546745
-0.065700 -0.068837 0.995462 13.734442 0.066781 0.995078 0.073218 0.293056 -0.995602 0.071288 -0.060780 55.505578
-0.068030 -0.069281 0.995275 14.418980 0.073056 0.994562 0.074225 0.343191 -0.995005 0.077760 -0.062598 55.454162
-0.067957 -0.071516 0.995122 15.098193 0.075755 0.994178 0.076622 0.393990 -0.994808 0.080593 -0.062144 55.403321
-0.067576 -0.075366 0.994863 15.792589 0.074122 0.994008 0.080336 0.447987 -0.994957 0.079170 -0.061585 55.352877
-0.065368 -0.077452 0.994851 16.509608 0.066481 0.994430 0.081787 0.505513 -0.995644 0.071485 -0.059855 55.307803
-0.062445 -0.078867 0.994927 17.206688 0.058746 0.994854 0.082549 0.562508 -0.996318 0.063602 -0.057490 55.258893
-0.059863 -0.079857 0.995007 17.896995 0.057676 0.994853 0.083315 0.619199 -0.996539 0.062376 -0.054949 55.216070
-0.057851 -0.078512 0.995233 18.644237 0.063342 0.994605 0.082144 0.680770 -0.996314 0.067792 -0.052566 55.175233
-0.056492 -0.078002 0.995351 19.373421 0.071122 0.994096 0.081940 0.740170 -0.995867 0.075420 -0.050610 55.136668
-0.054294 -0.076594 0.995583 20.106939 0.073900 0.994011 0.080503 0.799345 -0.995787 0.077944 -0.048309 55.101112
-0.049359 -0.085645 0.995102 20.838631 0.068673 0.993668 0.088928 0.860460 -0.996417 0.072726 -0.043165 55.060187
-0.045062 -0.088636 0.995044 21.515585 0.062835 0.993832 0.091374 0.920629 -0.997006 0.066642 -0.039214 55.031282
-0.041502 -0.082776 0.995704 22.222705 0.062912 0.994368 0.085287 0.982560 -0.997156 0.066182 -0.036060 55.013532
-0.039554 -0.078338 0.996142 22.941353 0.067119 0.994462 0.080871 1.041692 -0.996961 0.070059 -0.034077 54.996233
-0.035396 -0.082610 0.995953 23.673694 0.073084 0.993695 0.085020 1.101614 -0.996698 0.075798 -0.029136 54.971030
-0.031955 -0.087599 0.995643 24.355222 0.072196 0.993347 0.089714 1.160257 -0.996878 0.074748 -0.025418 54.948896
-0.028017 -0.088127 0.995715 25.062811 0.068197 0.993617 0.089861 1.222950 -0.997278 0.070422 -0.021828 54.935759
-0.025139 -0.085198 0.996047 25.783642 0.067246 0.993961 0.086717 1.285847 -0.997420 0.069160 -0.019258 54.930036
-0.022229 -0.084727 0.996156 26.539675 0.068350 0.993942 0.086064 1.350490 -0.997414 0.070001 -0.016303 54.923567
-0.018308 -0.089772 0.995794 27.273000 0.071490 0.993294 0.090861 1.414413 -0.997273 0.072853 -0.011767 54.913085
-0.013597 -0.093870 0.995492 28.019232 0.072545 0.992867 0.094613 1.482824 -0.997272 0.073504 -0.006690 54.906390
-0.009670 -0.097247 0.995213 28.728072 0.071347 0.992656 0.097691 1.550189 -0.997405 0.071951 -0.002661 54.902720
-0.006412 -0.097996 0.995166 29.473551 0.072141 0.992548 0.098203 1.622723 -0.997374 0.072422 0.000705 54.903653
-0.002499 -0.099219 0.995062 30.192244 0.073772 0.992336 0.099132 1.693076 -0.997272 0.073655 0.004839 54.905580
0.002263 -0.101361 0.994847 30.912930 0.075564 0.992023 0.100902 1.764593 -0.997138 0.074947 0.009904 54.909914
0.005799 -0.100173 0.994953 31.620789 0.074965 0.992214 0.099460 1.835052 -0.997169 0.074010 0.013263 54.919062
0.008921 -0.097225 0.995222 32.316327 0.073882 0.992606 0.096307 1.902708 -0.997227 0.072670 0.016038 54.930384
0.012131 -0.098954 0.995018 33.043561 0.073856 0.992462 0.097799 1.972894 -0.997195 0.072301 0.019348 54.939711
0.014939 -0.096710 0.995200 33.786091 0.075064 0.992611 0.095331 2.044484 -0.997067 0.073279 0.022089 54.954986
0.017030 -0.095000 0.995332 34.506663 0.074612 0.992821 0.093484 2.112165 -0.997067 0.072672 0.023996 54.971779
0.021859 -0.093090 0.995418 35.274408 0.075156 0.992991 0.091213 2.182989 -0.996932 0.072818 0.028702 54.992818
0.025748 -0.091461 0.995476 36.011016 0.073572 0.993279 0.089356 2.249199 -0.996958 0.070938 0.032304 55.015728
0.030766 -0.091231 0.995354 36.727884 0.069655 0.993600 0.088918 2.312556 -0.997097 0.066596 0.036924 55.040772
0.034609 -0.090824 0.995265 37.471037 0.068133 0.993759 0.088318 2.377975 -0.997076 0.064754 0.040581 55.071327
0.038995 -0.086471 0.995491 38.221237 0.066514 0.994264 0.083759 2.442191 -0.997023 0.062948 0.044523 55.112090
0.042486 -0.082378 0.995695 38.983135 0.067859 0.994532 0.079387 2.504120 -0.996790 0.064194 0.047844 55.155110
0.046794 -0.084486 0.995325 39.737955 0.068338 0.994353 0.081190 2.564109 -0.996564 0.064219 0.052304 55.193636
0.051341 -0.085350 0.995027 40.493235 0.067836 0.994338 0.081791 2.625093 -0.996375 0.063299 0.056840 55.237897
0.055595 -0.081985 0.995082 41.264764 0.067311 0.994664 0.078190 2.686600 -0.996182 0.062633 0.060817 55.291235
0.060352 -0.080941 0.994890 42.060357 0.069519 0.994627 0.076703 2.748051 -0.995753 0.064535 0.065655 55.346322
0.065744 -0.082021 0.994460 42.852221 0.070954 0.994477 0.077331 2.808709 -0.995311 0.065477 0.071201 55.402850
0.071920 -0.077959 0.994359 43.664317 0.067624 0.995028 0.073120 2.870041 -0.995115 0.061984 0.076834 55.469422
0.078740 -0.075165 0.994057 44.465068 0.059126 0.995750 0.070610 2.927564 -0.995140 0.053215 0.082850 55.539079
0.086360 -0.073498 0.993549 45.232836 0.055777 0.996068 0.068836 2.980839 -0.994701 0.049472 0.090120 55.611474
0.094586 -0.069592 0.993081 46.013816 0.054043 0.996442 0.064680 3.033033 -0.994049 0.047552 0.098011 55.693846
0.102667 -0.066613 0.992483 46.820900 0.057454 0.996487 0.060938 3.083907 -0.993055 0.050765 0.106134 55.786499
0.110083 -0.067034 0.991659 47.637927 0.060053 0.996349 0.060685 3.133447 -0.992107 0.052872 0.113706 55.883853
0.116822 -0.067679 0.990844 48.391527 0.063761 0.996128 0.060522 3.178748 -0.991104 0.056107 0.120685 55.976978
0.124238 -0.067088 0.989982 49.188239 0.070885 0.995763 0.058584 3.226213 -0.989717 0.062896 0.128467 56.083792
0.132502 -0.066030 0.988981 49.966242 0.078545 0.995340 0.055931 3.270659 -0.988066 0.070269 0.137071 56.196057
0.140236 -0.066285 0.987897 50.754049 0.082325 0.995082 0.055081 3.314340 -0.986690 0.073604 0.145003 56.311778
0.148936 -0.066373 0.986617 51.537497 0.081619 0.995165 0.054627 3.357223 -0.985473 0.072391 0.153634 56.433650
0.155401 -0.065720 0.985663 52.297677 0.075938 0.995627 0.054412 3.398416 -0.984928 0.066394 0.159712 56.559068
0.160905 -0.064972 0.984829 53.035313 0.072675 0.995902 0.053829 3.438088 -0.984291 0.062911 0.164967 56.685112
0.167116 -0.063609 0.983883 53.761069 0.071321 0.996082 0.052283 3.476404 -0.983354 0.061434 0.170998 56.813551
0.172443 -0.063002 0.983003 54.516207 0.072404 0.996064 0.051138 3.515482 -0.982355 0.062355 0.176326 56.950609
0.177334 -0.067553 0.981829 55.252731 0.075512 0.995634 0.054865 3.554493 -0.981250 0.064410 0.181661 57.077190
0.180091 -0.069909 0.981163 55.995712 0.081691 0.995088 0.055907 3.595719 -0.980252 0.070084 0.184917 57.214891
0.182664 -0.069095 0.980745 56.742336 0.089044 0.994591 0.053486 3.636863 -0.979135 0.077560 0.187828 57.359078
0.184942 -0.066683 0.980484 57.447351 0.093272 0.994383 0.050035 3.673499 -0.978313 0.082198 0.190122 57.495704
0.188822 -0.065913 0.979797 58.154931 0.093765 0.994396 0.048826 3.708463 -0.977525 0.082651 0.193944 57.634476
0.190410 -0.062755 0.979697 58.881144 0.091735 0.994726 0.045888 3.743034 -0.977409 0.081135 0.195162 57.780290
0.191816 -0.058282 0.979699 59.597456 0.088670 0.995182 0.041842 3.774430 -0.977417 0.078844 0.196060 57.928018
0.193970 -0.055937 0.979411 60.274049 0.084392 0.995623 0.040149 3.802005 -0.977371 0.074866 0.197842 58.062310
0.194914 -0.053792 0.979344 60.949427 0.079167 0.996100 0.038956 3.828334 -0.977620 0.069939 0.198413 58.200016
0.196112 -0.053341 0.979130 61.637909 0.077283 0.996254 0.038795 3.854807 -0.977531 0.068062 0.199500 58.339169
0.197936 -0.050491 0.978914 62.308538 0.078061 0.996313 0.035605 3.879326 -0.977102 0.069367 0.201147 58.480256
0.198604 -0.050947 0.978755 62.978334 0.081716 0.996032 0.035264 3.902341 -0.976667 0.072976 0.201979 58.623148
0.198662 -0.050727 0.978754 63.705135 0.084940 0.995793 0.034370 3.927291 -0.976380 0.076307 0.202135 58.778438
0.197523 -0.050587 0.978992 64.353235 0.086299 0.995688 0.034038 3.948539 -0.976492 0.077762 0.201037 58.917323
0.195872 -0.050423 0.979332 64.978476 0.087468 0.995595 0.033766 3.968672 -0.976721 0.079047 0.199419 59.050458
0.192369 -0.049373 0.980080 65.617380 0.088181 0.995563 0.032845 3.988963 -0.977353 0.080106 0.195870 59.184846
0.189623 -0.047861 0.980690 66.211382 0.085514 0.995821 0.032065 4.006815 -0.978126 0.077782 0.192923 59.310291
0.186952 -0.048242 0.981184 66.809473 0.081835 0.996087 0.033382 4.024891 -0.978955 0.074054 0.190169 59.435519
0.184304 -0.050175 0.981588 67.399580 0.081056 0.996070 0.035696 4.044027 -0.979521 0.072985 0.187646 59.552423
0.181547 -0.049610 0.982130 67.990496 0.083179 0.995922 0.034931 4.063500 -0.979858 0.075351 0.184933 59.672485
0.178154 -0.049510 0.982756 68.581471 0.086325 0.995669 0.034512 4.082684 -0.980209 0.078688 0.181656 59.789014
0.175182 -0.050774 0.983226 69.146449 0.091108 0.995220 0.035161 4.100950 -0.980311 0.083420 0.178971 59.896793
0.172852 -0.053237 0.983508 69.691143 0.091671 0.995073 0.037752 4.119343 -0.980673 0.083633 0.176881 59.998165
0.170612 -0.055569 0.983770 70.239474 0.089375 0.995166 0.040712 4.139512 -0.981277 0.080978 0.174754 60.097545
0.167886 -0.058509 0.984069 70.798535 0.086508 0.995261 0.044416 4.162275 -0.982003 0.077673 0.172152 60.193608
0.166872 -0.057754 0.984286 71.365752 0.084436 0.995453 0.044094 4.186037 -0.982357 0.075752 0.170990 60.296535
0.165079 -0.056650 0.984652 71.932070 0.082409 0.995650 0.043466 4.209564 -0.982831 0.073969 0.169029 60.397142
0.164269 -0.058305 0.984691 72.514684 0.083501 0.995490 0.045015 4.234285 -0.982875 0.074829 0.168396 60.496851
0.165141 -0.064622 0.984151 73.160040 0.083903 0.995154 0.051265 4.264642 -0.982695 0.074108 0.169763 60.603104
0.167849 -0.069755 0.983342 73.734817 0.084513 0.994839 0.056145 4.294610 -0.982184 0.073682 0.172878 60.700465
0.169606 -0.071608 0.982907 74.304352 0.084743 0.994722 0.057846 4.326028 -0.981862 0.073484 0.174779 60.802657
0.174598 -0.070200 0.982134 74.875497 0.085929 0.994736 0.055824 4.357280 -0.980883 0.074647 0.179712 60.911772
0.181168 -0.069288 0.981008 75.454374 0.085681 0.994834 0.054442 4.387859 -0.979713 0.074191 0.186169 61.028591
0.186928 -0.071329 0.979781 76.013931 0.086832 0.994656 0.055846 4.417517 -0.978528 0.074638 0.192123 61.141050
0.196727 -0.069893 0.977964 76.601514 0.087963 0.994692 0.053394 4.448456 -0.976505 0.075521 0.201830 61.268139
0.206789 -0.070622 0.975833 77.192049 0.089767 0.994554 0.052954 4.479085 -0.974259 0.076648 0.212002 61.395434
0.216607 -0.068326 0.973865 77.756965 0.091878 0.994547 0.049341 4.506844 -0.971926 0.078789 0.221703 61.528526
0.227829 -0.067159 0.971382 78.331778 0.092743 0.994580 0.047011 4.533641 -0.969274 0.079378 0.232823 61.667081
0.240121 -0.063342 0.968674 78.935120 0.090912 0.994951 0.042524 4.559887 -0.966477 0.077854 0.244667 61.822708
0.250982 -0.060023 0.966129 79.490271 0.089418 0.995246 0.038603 4.581297 -0.963853 0.076701 0.255156 61.972540
0.262718 -0.057453 0.963161 80.077007 0.088256 0.995472 0.035308 4.602196 -0.960828 0.075729 0.266599 62.136352
0.274012 -0.055734 0.960110 80.686373 0.087166 0.995650 0.032920 4.622451 -0.957768 0.074669 0.277678 62.312261
0.285936 -0.053697 0.956743 81.291988 0.086965 0.995763 0.029897 4.640907 -0.954294 0.074654 0.289394 62.495792
0.296847 -0.053141 0.953445 81.907354 0.086450 0.995846 0.028589 4.658299 -0.951004 0.073939 0.300208 62.690945
0.308805 -0.051092 0.949752 82.549102 0.086620 0.995917 0.025411 4.675238 -0.947173 0.074421 0.311970 62.904281
0.319573 -0.053084 0.946074 83.192912 0.091641 0.995481 0.024901 4.690864 -0.943120 0.078742 0.322993 63.127503
0.330295 -0.058448 0.942066 83.819588 0.098278 0.994786 0.027262 4.706788 -0.938747 0.083580 0.334317 63.347262
0.341758 -0.062483 0.937708 84.482696 0.102844 0.994281 0.028770 4.725589 -0.934144 0.086606 0.346230 63.585234
0.351434 -0.064450 0.933992 85.134646 0.106373 0.993916 0.028560 4.744389 -0.930150 0.089315 0.356152 63.832395
0.360860 -0.070495 0.929952 85.808756 0.107965 0.993593 0.033424 4.765823 -0.926349 0.088341 0.366159 64.088787
0.370132 -0.078321 0.925672 86.489083 0.110127 0.993113 0.039993 4.791700 -0.922428 0.087139 0.376208 64.354841
0.377080 -0.088604 0.921933 87.185876 0.117628 0.991934 0.047221 4.823416 -0.918681 0.090639 0.384461 64.637136
0.384498 -0.095101 0.918214 87.881404 0.119876 0.991401 0.052483 4.860198 -0.915309 0.089892 0.392592 64.925449
0.392099 -0.096142 0.914885 88.578921 0.118719 0.991496 0.053312 4.899799 -0.912230 0.087711 0.400179 65.225118
0.401107 -0.096192 0.910967 89.242371 0.111534 0.992201 0.055661 4.938232 -0.909216 0.079277 0.408707 65.520140
0.409667 -0.097185 0.907044 89.963545 0.105567 0.992679 0.058681 4.982750 -0.906107 0.071714 0.416927 65.845928
0.416039 -0.095082 0.904362 90.653361 0.104708 0.992913 0.056222 5.025851 -0.903298 0.071303 0.423046 66.170147
0.421057 -0.088894 0.902667 91.329096 0.106474 0.993150 0.048139 5.064083 -0.900763 0.075841 0.427638 66.504875
0.426176 -0.082670 0.900855 91.970161 0.105896 0.993528 0.041077 5.094676 -0.898421 0.077891 0.432172 66.824410
0.431173 -0.080295 0.898689 92.598104 0.102923 0.993908 0.039422 5.121491 -0.896380 0.075498 0.436810 67.134850
0.436064 -0.076926 0.896622 93.220682 0.099939 0.994316 0.036703 5.146624 -0.894349 0.073602 0.441274 67.447930
0.440703 -0.073273 0.894658 93.852503 0.098030 0.994630 0.033172 5.170170 -0.892284 0.073085 0.445519 67.769170
0.445159 -0.073296 0.892447 94.477865 0.099550 0.994517 0.032022 5.191806 -0.889901 0.074588 0.450015 68.088587
0.449543 -0.075543 0.890059 95.165252 0.102629 0.994187 0.032545 5.215742 -0.887344 0.076716 0.454682 68.442712
0.453783 -0.076273 0.887842 95.816206 0.104791 0.993985 0.031832 5.238380 -0.884929 0.078593 0.459046 68.780901
0.456345 -0.076812 0.886481 96.449186 0.106152 0.993852 0.031471 5.259812 -0.883448 0.079741 0.461693 69.114541
0.461036 -0.075096 0.884198 97.016217 0.105094 0.994021 0.029625 5.277865 -0.881136 0.079266 0.466172 69.417928
0.464755 -0.075813 0.882188 97.629444 0.104144 0.994092 0.030564 5.297621 -0.879293 0.077670 0.469905 69.744742
0.467094 -0.077531 0.880802 98.242537 0.105042 0.993960 0.031787 5.318137 -0.877946 0.077674 0.472417 70.074823
0.469228 -0.079098 0.879528 98.821032 0.105446 0.993873 0.033126 5.338111 -0.876759 0.077199 0.474693 70.388803
0.471539 -0.078521 0.878343 99.375581 0.106026 0.993851 0.031927 5.357108 -0.875448 0.078072 0.476964 70.694674
0.474562 -0.079781 0.876599 99.962027 0.106433 0.993778 0.032827 5.377592 -0.873764 0.077721 0.480100 71.014883
0.477456 -0.079507 0.875051 100.510799 0.104829 0.993939 0.033111 5.396820 -0.872380 0.075921 0.482896 71.318967
0.481141 -0.080922 0.872900 101.076678 0.103874 0.993978 0.034891 5.417599 -0.870468 0.073884 0.486649 71.632128
0.484689 -0.082816 0.870757 101.621757 0.103646 0.993932 0.036839 5.438781 -0.868524 0.072395 0.490332 71.935319
0.488128 -0.084980 0.868625 102.165013 0.104185 0.993806 0.038679 5.461055 -0.866532 0.071617 0.493958 72.241827
0.491769 -0.086482 0.866420 102.692622 0.104619 0.993715 0.039808 5.483463 -0.864418 0.071068 0.497726 72.544416
0.495451 -0.087462 0.864221 103.213209 0.104699 0.993677 0.040541 5.506039 -0.862303 0.070397 0.501476 72.848346
0.499735 -0.088435 0.861652 103.692861 0.105287 0.993600 0.040913 5.526808 -0.859755 0.070275 0.505848 73.133376
0.503762 -0.089317 0.859212 104.186570 0.104990 0.993597 0.041731 5.548912 -0.857438 0.069186 0.509914 73.426232
0.508576 -0.087738 0.856535 104.658678 0.103945 0.993775 0.040077 5.569563 -0.854720 0.068650 0.514531 73.712524
0.512733 -0.088935 0.853930 105.145668 0.102932 0.993814 0.041699 5.591397 -0.852356 0.066516 0.518715 74.004461
0.517872 -0.085797 0.851145 105.613108 0.100463 0.994173 0.039089 5.611836 -0.849539 0.065266 0.523474 74.291620
0.524371 -0.080860 0.847642 106.047039 0.095876 0.994757 0.035583 5.629000 -0.846075 0.062610 0.529374 74.561294
0.531396 -0.074409 0.843849 106.556001 0.090807 0.995399 0.030588 5.647428 -0.842243 0.060373 0.535707 74.886630
0.538545 -0.067943 0.839853 107.017587 0.086539 0.995933 0.025078 5.660764 -0.838141 0.059175 0.542234 75.188939
0.545871 -0.063921 0.835427 107.512101 0.083146 0.996297 0.021901 5.673186 -0.833733 0.057508 0.549164 75.512849
0.552220 -0.061955 0.831393 108.006324 0.085378 0.996194 0.017527 5.683430 -0.829315 0.061304 0.555409 75.843446
0.557361 -0.059666 0.828124 108.454928 0.090643 0.995825 0.010742 5.689175 -0.825308 0.069077 0.560443 76.150135
0.563449 -0.058239 0.824095 108.936546 0.097351 0.995243 0.003774 5.691768 -0.820395 0.078100 0.566439 76.484249
0.569462 -0.055940 0.820112 109.505101 0.103353 0.994637 -0.003921 5.690635 -0.815494 0.086994 0.572190 76.888769
0.575809 -0.056011 0.815663 110.004834 0.106917 0.994242 -0.007203 5.685587 -0.810563 0.091356 0.578482 77.245979
0.583227 -0.051756 0.810659 110.475277 0.105130 0.994384 -0.012150 5.677887 -0.805478 0.092311 0.585393 77.591637
0.589565 -0.047774 0.806307 110.989109 0.102527 0.994601 -0.016037 5.667327 -0.801188 0.092123 0.591280 77.972501
0.596131 -0.044878 0.801632 111.506315 0.100019 0.994810 -0.018687 5.655039 -0.796633 0.091318 0.597526 78.355191
0.603115 -0.042546 0.796518 112.066553 0.098764 0.994876 -0.021642 5.639784 -0.791516 0.091719 0.604227 78.781452
0.609872 -0.040748 0.791452 112.610692 0.099510 0.994711 -0.025466 5.622500 -0.786228 0.094288 0.610701 79.202562
0.616280 -0.037299 0.786643 113.151646 0.100937 0.994380 -0.031928 5.601675 -0.781032 0.099078 0.616582 79.630464
0.622950 -0.038957 0.781291 113.700173 0.102696 0.994188 -0.032311 5.578302 -0.775492 0.100364 0.623330 80.063641
0.630091 -0.040274 0.775476 114.249304 0.104651 0.993948 -0.033411 5.553970 -0.769437 0.102206 0.630492 80.509255
0.637026 -0.040488 0.769778 114.788123 0.104536 0.993932 -0.034230 5.529247 -0.763721 0.102275 0.637393 80.953677
0.644656 -0.037261 0.763564 115.341840 0.104200 0.993772 -0.039479 5.501649 -0.757338 0.105014 0.644524 81.423029
0.652669 -0.036404 0.756768 115.865121 0.102980 0.993838 -0.041006 5.472675 -0.750612 0.104695 0.652396 81.873226
0.659511 -0.035509 0.750856 116.422028 0.102596 0.993788 -0.043117 5.440261 -0.744661 0.105471 0.659057 82.366095
0.664256 -0.036457 0.746616 116.981683 0.103133 0.993728 -0.043233 5.406715 -0.740356 0.105719 0.663849 82.866646
0.667350 -0.038032 0.743773 117.533306 0.103599 0.993726 -0.042141 5.373808 -0.737503 0.105177 0.667103 83.364230
0.670610 -0.040866 0.740683 118.098354 0.102996 0.993940 -0.038413 5.341950 -0.734625 0.102048 0.670755 83.874875
0.673116 -0.044862 0.738175 118.657059 0.102375 0.994201 -0.032931 5.313815 -0.732417 0.097737 0.673805 84.381886
0.675336 -0.051088 0.735738 119.229106 0.103300 0.994316 -0.025777 5.289920 -0.730240 0.093410 0.676775 84.902402
0.678867 -0.057162 0.732033 119.807529 0.105741 0.994184 -0.020428 5.270372 -0.726608 0.091274 0.680963 85.439359
0.682019 -0.062536 0.728656 120.401029 0.107922 0.994035 -0.015703 5.254698 -0.723328 0.089348 0.684700 85.993354
0.684996 -0.063703 0.725757 120.999240 0.109301 0.993881 -0.015924 5.241200 -0.720301 0.090234 0.687767 86.559777
0.688363 -0.061806 0.722728 121.606835 0.107625 0.994038 -0.017500 5.226791 -0.717338 0.089830 0.690911 87.142262
0.692798 -0.056441 0.718919 122.193264 0.106033 0.994070 -0.024137 5.208966 -0.713294 0.092951 0.694674 87.723846
0.696080 -0.052743 0.716024 122.795822 0.105991 0.993920 -0.029825 5.185729 -0.710098 0.096652 0.697438 88.322689
0.698743 -0.055001 0.713255 123.420974 0.110283 0.993403 -0.031435 5.158808 -0.706821 0.100625 0.700199 88.937098
0.702294 -0.057761 0.709540 124.032908 0.116671 0.992565 -0.034679 5.129504 -0.702261 0.107138 0.703812 89.554507
0.705512 -0.062738 0.705916 124.650438 0.123161 0.991771 -0.034947 5.098199 -0.697914 0.111597 0.707433 90.178969
0.709134 -0.066475 0.701933 125.255480 0.126524 0.991383 -0.033935 5.067894 -0.693628 0.112876 0.711434 90.791821
0.713944 -0.069454 0.696750 125.850239 0.124561 0.991795 -0.028770 5.040072 -0.689035 0.107328 0.716737 91.399613
0.719914 -0.072547 0.690261 126.489027 0.118797 0.992726 -0.019564 5.016597 -0.683821 0.096086 0.723295 92.056836
0.725577 -0.070642 0.684505 127.087544 0.110211 0.993806 -0.014261 5.000618 -0.679258 0.085787 0.728868 92.691062
0.731239 -0.070804 0.678437 127.723311 0.105751 0.994340 -0.010210 4.988917 -0.673874 0.079211 0.734588 93.367513
0.736771 -0.074859 0.671985 128.344341 0.108480 0.994065 -0.008201 4.980033 -0.667383 0.078939 0.740519 94.046803
0.742326 -0.080805 0.665149 128.967056 0.112089 0.993689 -0.004377 4.973857 -0.660597 0.077805 0.746698 94.733541
0.747572 -0.083436 0.658920 129.566218 0.111742 0.993737 -0.000943 4.970717 -0.654714 0.074334 0.752213 95.412592
0.752741 -0.081204 0.653289 130.149168 0.107265 0.994230 -0.000011 4.969731 -0.649519 0.070084 0.757109 96.087701
0.756349 -0.078979 0.649383 130.706405 0.105420 0.994426 -0.001840 4.968832 -0.645618 0.069850 0.760459 96.739510
0.759097 -0.081450 0.645862 131.257160 0.107429 0.994212 -0.000884 4.967099 -0.642052 0.070055 0.763454 97.390702
0.760449 -0.086663 0.643588 131.801351 0.112042 0.993702 0.001421 4.966737 -0.639659 0.071028 0.765370 98.035568
0.760338 -0.090496 0.643192 132.406024 0.115247 0.993331 0.003523 4.969064 -0.639222 0.071448 0.765696 98.751780
0.760960 -0.095003 0.641806 132.998907 0.118269 0.992959 0.006756 4.973355 -0.637928 0.070764 0.766838 99.458427
0.760772 -0.096287 0.641837 133.586753 0.120173 0.992732 0.006486 4.979311 -0.637796 0.072197 0.766814 100.166019
0.760429 -0.096629 0.642192 134.165189 0.121568 0.992568 0.005399 4.984660 -0.637941 0.073964 0.766525 100.861269
0.760355 -0.095637 0.642428 134.763633 0.120597 0.992689 0.005046 4.989343 -0.638213 0.073638 0.766330 101.583134
0.759190 -0.092354 0.644283 135.373959 0.119369 0.992849 0.001660 4.992426 -0.639829 0.075647 0.764785 102.328409
0.757149 -0.088674 0.647196 135.939360 0.118062 0.993004 -0.002067 4.991983 -0.642485 0.077974 0.762321 103.011334
0.755051 -0.086126 0.649985 136.489624 0.118398 0.992948 -0.005965 4.988104 -0.644888 0.081461 0.759924 103.671708
0.753124 -0.084727 0.652400 137.060201 0.118949 0.992865 -0.008370 4.981447 -0.647036 0.083906 0.757829 104.348183
0.750712 -0.084911 0.655150 137.630629 0.120656 0.992648 -0.009602 4.973725 -0.649519 0.086256 0.755437 105.009206
0.747985 -0.086803 0.658015 138.236750 0.124029 0.992227 -0.010096 4.964875 -0.652024 0.089165 0.752937 105.706698
0.745190 -0.090251 0.660717 138.815478 0.126023 0.992005 -0.006630 4.957516 -0.654836 0.088206 0.750606 106.358983
0.742851 -0.086804 0.663805 139.357570 0.122491 0.992443 -0.007299 4.951893 -0.658155 0.086732 0.747870 106.968468
0.741794 -0.076315 0.666272 139.911307 0.113837 0.993415 -0.012955 4.943527 -0.660896 0.085456 0.745596 107.597466
0.738493 -0.070346 0.670582 140.498593 0.109163 0.993896 -0.015956 4.930739 -0.665366 0.084986 0.741664 108.259694
0.734530 -0.071272 0.674823 141.118334 0.112830 0.993453 -0.017889 4.915371 -0.669131 0.089281 0.737762 108.946853
0.731368 -0.072668 0.678101 141.709908 0.117619 0.992848 -0.020461 4.898247 -0.671764 0.094722 0.734684 109.601276
0.727977 -0.073851 0.681613 142.339374 0.121211 0.992384 -0.021934 4.878637 -0.674802 0.098586 0.731384 110.286740
0.725505 -0.073323 0.684300 142.931417 0.121297 0.992366 -0.022268 4.859184 -0.677443 0.099160 0.728861 110.923245
0.721870 -0.074386 0.688019 143.548547 0.121753 0.992350 -0.020454 4.840133 -0.681234 0.098534 0.725404 111.573012
0.718995 -0.074959 0.690961 144.153484 0.120154 0.992604 -0.017346 4.823536 -0.684551 0.095493 0.722684 112.202162
0.716626 -0.075267 0.693384 144.766464 0.117982 0.992915 -0.014156 4.809731 -0.687406 0.091951 0.720429 112.832817
0.713484 -0.074080 0.696745 145.347823 0.115271 0.993256 -0.012435 4.799013 -0.691125 0.089187 0.717211 113.422657
0.710853 -0.073435 0.699497 145.934436 0.115356 0.993240 -0.012955 4.788458 -0.693817 0.089900 0.714518 114.020876
0.708062 -0.071605 0.702511 146.536407 0.115181 0.993234 -0.014854 4.776717 -0.696693 0.091433 0.711518 114.633058
0.702856 -0.071317 0.707748 147.173265 0.115986 0.993136 -0.015110 4.764112 -0.701812 0.092709 0.706303 115.263870
0.697517 -0.068260 0.713310 147.789862 0.114778 0.993242 -0.017189 4.750615 -0.707316 0.093862 0.700638 115.871907
0.692612 -0.061452 0.718688 148.388936 0.110300 0.993669 -0.021333 4.735532 -0.712827 0.094047 0.695005 116.447993
0.686232 -0.056258 0.725204 148.995729 0.105742 0.994129 -0.022940 4.717485 -0.719655 0.092427 0.688152 117.023405
0.680893 -0.054436 0.730357 149.620892 0.103842 0.994335 -0.022698 4.698199 -0.724984 0.091296 0.682688 117.606724
0.672967 -0.058804 0.737331 150.277037 0.112511 0.993373 -0.023466 4.678101 -0.731066 0.098749 0.675123 118.210542
0.665934 -0.061169 0.743498 150.929731 0.123826 0.991871 -0.029305 4.656358 -0.735662 0.111580 0.668095 118.797318
0.658543 -0.065475 0.749689 151.582664 0.130773 0.991008 -0.028323 4.632006 -0.741094 0.116691 0.661183 119.368830
0.651301 -0.063339 0.756171 152.229152 0.133192 0.990582 -0.031747 4.607074 -0.747039 0.121393 0.653603 119.930233
0.644059 -0.062697 0.762402 152.903634 0.131207 0.990920 -0.029351 4.580818 -0.753640 0.118936 0.646438 120.496963
0.636876 -0.062924 0.768394 153.651210 0.126731 0.991651 -0.023833 4.556003 -0.760479 0.112558 0.639533 121.108143
0.628807 -0.056494 0.775507 154.387270 0.117761 0.992772 -0.023164 4.534536 -0.768593 0.105890 0.630914 121.708163
0.621041 -0.056928 0.781708 155.086088 0.113581 0.993368 -0.017894 4.516089 -0.775505 0.099900 0.623388 122.263037
0.612081 -0.060808 0.788454 155.890648 0.117408 0.992977 -0.014563 4.500007 -0.782031 0.101485 0.614922 122.892064
0.603745 -0.067092 0.794349 156.624883 0.122440 0.992433 -0.009239 4.489540 -0.787718 0.102838 0.607391 123.444424
0.596506 -0.067375 0.799776 157.342698 0.122363 0.992456 -0.007657 4.482393 -0.793226 0.102431 0.600250 123.981806
0.590211 -0.067524 0.804420 158.046832 0.122030 0.992507 -0.006222 4.476342 -0.797973 0.101836 0.594028 124.503432
0.584090 -0.069465 0.808711 158.741938 0.121928 0.992535 -0.002807 4.472626 -0.802479 0.100244 0.588200 125.004035
0.578816 -0.074801 0.812020 159.425658 0.126112 0.992015 0.001487 4.471276 -0.805647 0.101545 0.583628 125.498500
0.574223 -0.076750 0.815093 160.088829 0.129247 0.991610 0.002318 4.472370 -0.808432 0.104017 0.579325 125.973135
0.569352 -0.076063 0.818568 160.763541 0.131511 0.991315 0.000643 4.473505 -0.811507 0.107285 0.574410 126.450701
0.565343 -0.074627 0.821473 161.386272 0.129226 0.991614 0.001149 4.473594 -0.814671 0.105506 0.570246 126.884798
0.562339 -0.072580 0.823715 162.078780 0.125442 0.992099 0.001780 4.475162 -0.817337 0.102328 0.567001 127.356553
0.560462 -0.068947 0.825305 162.750539 0.119608 0.992820 0.001717 4.476290 -0.819497 0.097751 0.564685 127.817201
0.557479 -0.065954 0.827567 163.429346 0.117791 0.993038 -0.000207 4.476837 -0.821792 0.097596 0.561367 128.280276
0.553531 -0.069570 0.829918 164.093803 0.124253 0.992251 0.000305 4.476581 -0.823508 0.102951 0.557886 128.727049
0.550178 -0.075574 0.831621 164.762062 0.132233 0.991215 0.002596 4.477127 -0.824511 0.108539 0.555338 129.174214
