1.000000 0.000000 0.000000 0.000000 0.000000 1.000000 0.000000 0.000000 0.000000 0.000000 1.000000 0.000000
0.999755 -0.000571 0.022144 0.007064 0.000588 1.000000 -0.000756 -0.007256 -0.022144 0.000769 0.999754 0.214965
0.998563 -0.002300 0.053542 0.024246 0.002423 0.999995 -0.002229 -0.016324 -0.053536 0.002356 0.998563 0.544565
0.995792 -0.004781 0.091514 0.063579 0.005057 0.999983 -0.002786 -0.025522 -0.091500 0.003237 0.995800 0.862189
0.990178 -0.008007 0.139580 0.137886 0.008273 0.999965 -0.001325 -0.035566 -0.139565 0.002467 0.990210 1.263468
0.982276 -0.011546 0.187082 0.235502 0.011106 0.999933 0.003401 -0.043892 -0.187108 -0.001263 0.982338 1.660932
0.971801 -0.014031 0.235384 0.360743 0.012271 0.999885 0.008940 -0.050035 -0.235482 -0.005799 0.971861 2.058326
0.957938 -0.016205 0.286516 0.497031 0.013743 0.999849 0.010601 -0.055117 -0.286645 -0.006218 0.958017 2.453155
0.939428 -0.020208 0.342151 0.661184 0.017401 0.999785 0.011271 -0.059845 -0.342305 -0.004635 0.939577 2.872332
0.918099 -0.030124 0.395204 0.877996 0.026104 0.999538 0.015547 -0.062966 -0.395490 -0.003958 0.918462 3.319298
0.892923 -0.041853 0.448261 1.131534 0.033919 0.999094 0.025717 -0.061599 -0.448931 -0.007759 0.893533 3.760652
0.865091 -0.048388 0.499275 1.385001 0.037074 0.998782 0.032561 -0.056595 -0.500242 -0.009658 0.865832 4.162532
0.832277 -0.052964 0.551823 1.657419 0.039722 0.998564 0.035932 -0.049641 -0.552934 -0.007985 0.833187 4.537460
0.795059 -0.057257 0.603823 1.942536 0.042210 0.998344 0.039089 -0.041532 -0.605061 -0.005591 0.796159 4.887962
0.752602 -0.063877 0.655370 2.303128 0.044551 0.997943 0.046106 -0.028335 -0.656967 -0.005502 0.753899 5.273553
0.707050 -0.070638 0.703627 2.724956 0.044725 0.997473 0.055194 -0.008821 -0.705748 -0.007555 0.708423 5.670132
0.661211 -0.076476 0.746291 3.171410 0.044714 0.997039 0.062556 0.015444 -0.748866 -0.007993 0.662673 6.045220
0.615923 -0.081140 0.783616 3.698097 0.043100 0.996663 0.069323 0.047674 -0.786626 -0.008923 0.617365 6.436736
0.568103 -0.083800 0.818680 4.339506 0.040978 0.996448 0.073561 0.090122 -0.821936 -0.008243 0.569520 6.861858
0.524306 -0.083578 0.847418 5.021539 0.039724 0.996489 0.073702 0.135749 -0.850603 -0.004979 0.525785 7.275632
0.481301 -0.084614 0.872462 5.673624 0.037712 0.996407 0.075830 0.178500 -0.875744 -0.003595 0.482763 7.622051
0.440471 -0.086081 0.893630 6.281407 0.035160 0.996283 0.078639 0.218657 -0.897078 -0.003218 0.441860 7.908227
0.401886 -0.088384 0.911414 6.887096 0.034650 0.996086 0.081316 0.259554 -0.915034 -0.001099 0.403375 8.161424
0.363934 -0.087992 0.927259 7.529569 0.031290 0.996121 0.082246 0.303598 -0.930899 -0.000918 0.365276 8.402035
0.328816 -0.088096 0.940276 8.181016 0.026868 0.996109 0.083932 0.348421 -0.944012 -0.002335 0.329904 8.614708
0.295634 -0.089963 0.951056 8.837951 0.021862 0.995932 0.087413 0.394761 -0.955051 -0.005050 0.296399 8.802178
0.264977 -0.092255 0.959831 9.451943 0.015838 0.995695 0.091329 0.439662 -0.964125 -0.008999 0.265297 8.954900
0.238843 -0.092881 0.966606 10.126243 0.010761 0.995607 0.093009 0.490989 -0.970999 -0.011813 0.238793 9.115337
0.215647 -0.093794 0.971956 10.765343 0.006565 0.995493 0.094609 0.540062 -0.976449 -0.014021 0.215290 9.246696
0.199751 -0.095246 0.975206 11.383133 0.004729 0.995347 0.096244 0.588324 -0.979835 -0.014614 0.199272 9.367498
0.184700 -0.096684 0.978028 12.007262 0.004059 0.995216 0.097617 0.637990 -0.982787 -0.014060 0.184209 9.482537
0.173646 -0.097423 0.979978 12.662855 0.004917 0.995168 0.098061 0.690926 -0.984796 -0.012209 0.173286 9.598008
0.164262 -0.097986 0.981538 13.254323 0.005470 0.995129 0.098428 0.738453 -0.986402 -0.010798 0.163998 9.697065
0.154331 -0.099177 0.983029 13.841565 0.005884 0.995024 0.099464 0.785921 -0.988002 -0.009566 0.154146 9.787153
0.143690 -0.100145 0.984543 14.463585 0.006728 0.994942 0.100221 0.836837 -0.989600 -0.007776 0.143637 9.872386
0.132673 -0.101817 0.985916 15.101247 0.007207 0.994783 0.101763 0.889797 -0.991134 -0.006396 0.132714 9.951673
0.121326 -0.102859 0.987269 15.750776 0.006855 0.994680 0.102789 0.944647 -0.992589 -0.005703 0.121385 10.028340
0.106853 -0.103678 0.988855 16.429494 0.008696 0.994608 0.103341 1.002623 -0.994237 -0.002443 0.107178 10.100260
0.092604 -0.103055 0.990356 17.099918 0.010922 0.994675 0.102483 1.059701 -0.995643 0.001326 0.093237 10.164226
0.075377 -0.104220 0.991694 17.810426 0.013164 0.994540 0.103518 1.120407 -0.997068 0.005252 0.076337 10.220547
0.062546 -0.104803 0.992524 18.458934 0.014261 0.994464 0.104110 1.175922 -0.997940 0.007642 0.063694 10.260709
0.048318 -0.107162 0.993067 19.140099 0.013483 0.994207 0.106629 1.235460 -0.998741 0.008238 0.049483 10.294269
0.033178 -0.105855 0.993828 19.739401 0.012029 0.994346 0.105509 1.287676 -0.999377 0.008454 0.034264 10.313235
0.018050 -0.105530 0.994252 20.383782 0.010166 0.994382 0.105360 1.343724 -0.999785 0.008206 0.019022 10.321406
-0.004374 -0.104072 0.994560 21.061002 0.007481 0.994538 0.104103 1.402371 -0.999962 0.007896 -0.003572 10.319175
-0.030050 -0.099828 0.994551 21.755341 0.005460 0.994969 0.100035 1.460804 -0.999534 0.008436 -0.029353 10.301676
-0.062264 -0.096792 0.993355 22.506276 0.003937 0.995255 0.097224 1.521840 -0.998052 0.009964 -0.061587 10.258618
-0.095785 -0.095006 0.990858 23.271436 0.002477 0.995409 0.095682 1.582530 -0.995399 0.011619 -0.095109 10.189403
-0.131690 -0.093650 0.986857 24.014739 0.000484 0.995521 0.094537 1.640530 -0.991291 0.012927 -0.131055 10.093176
-0.164344 -0.092459 0.982060 24.704469 -0.000826 0.995610 0.093597 1.693562 -0.986403 0.014571 -0.163699 9.980184
-0.197817 -0.091367 0.975972 25.412128 -0.003434 0.995705 0.092518 1.747699 -0.980233 0.014950 -0.197281 9.841585
-0.230160 -0.090673 0.968919 26.094509 -0.006408 0.995769 0.091664 1.799429 -0.973132 0.014889 -0.229767 9.682206
-0.265734 -0.093698 0.959482 26.801085 -0.010532 0.995488 0.094297 1.854165 -0.963989 0.014952 -0.265522 9.484995
-0.295499 -0.098991 0.950200 27.420835 -0.014489 0.994967 0.099149 1.904736 -0.955233 0.015531 -0.295446 9.290856
-0.323688 -0.105806 0.940229 28.113660 -0.020151 0.994273 0.104950 1.966005 -0.945949 0.015024 -0.323967 9.051623
-0.350311 -0.111857 0.929930 28.790126 -0.024133 0.993592 0.110423 2.030528 -0.936323 0.016240 -0.350765 8.798712
-0.381805 -0.119763 0.916451 29.546932 -0.030126 0.992655 0.117170 2.108805 -0.923752 0.017128 -0.382608 8.481922
-0.418646 -0.127484 0.899157 30.389809 -0.040966 0.991741 0.121536 2.203076 -0.907225 0.014046 -0.420411 8.096996
-0.455631 -0.137653 0.879461 31.430944 -0.059365 0.990471 0.124272 2.326844 -0.888187 0.004413 -0.459461 7.567168
-0.489497 -0.146636 0.859587 32.745688 -0.082104 0.989131 0.121980 2.489809 -0.868131 -0.010867 -0.496216 6.851116
-0.509843 -0.153732 0.846420 33.829405 -0.101044 0.987794 0.118544 2.622951 -0.854313 -0.025087 -0.519153 6.208347
-0.534200 -0.159422 0.830190 35.171603 -0.114073 0.986669 0.116069 2.786184 -0.837627 -0.032698 -0.545264 5.356056
-0.557174 -0.162283 0.814384 36.350766 -0.121106 0.986112 0.113647 2.928315 -0.821517 -0.035306 -0.569089 4.555633
-0.578433 -0.163102 0.799258 37.442427 -0.122128 0.986079 0.112840 3.059577 -0.806536 -0.032341 -0.590300 3.771074
-0.596478 -0.162833 0.785938 38.303368 -0.119202 0.986317 0.113882 3.164291 -0.793728 -0.025757 -0.607727 3.123441
-0.615822 -0.165335 0.770342 39.277474 -0.116957 0.986085 0.118142 3.287221 -0.779156 -0.017342 -0.626590 2.344592
-0.627821 -0.167760 0.760064 40.221339 -0.118328 0.985718 0.119825 3.413489 -0.769311 -0.014708 -0.638705 1.567834
-0.636076 -0.172175 0.752172 40.929867 -0.122237 0.984963 0.122091 3.510321 -0.761883 -0.014284 -0.647558 0.963560
-0.642860 -0.175767 0.745545 41.852574 -0.126059 0.984322 0.123363 3.641267 -0.755540 -0.014677 -0.654939 0.162560
-0.649949 -0.174441 0.739687 42.910886 -0.130205 0.984469 0.117759 3.793360 -0.748741 -0.019774 -0.662568 -0.759398
-0.656682 -0.172427 0.734192 43.844728 -0.129433 0.984836 0.115523 3.922082 -0.742978 -0.019167 -0.669042 -1.588659
-0.662667 -0.175434 0.728077 44.552100 -0.131050 0.984340 0.117904 4.017919 -0.737359 -0.017283 -0.675280 -2.244924
-0.666535 -0.179130 0.723632 45.184315 -0.132612 0.983710 0.121362 4.106117 -0.733584 -0.015071 -0.679432 -2.845905
-0.667354 -0.182489 0.722036 45.689323 -0.135522 0.983084 0.123208 4.178188 -0.732306 -0.015628 -0.680796 -3.329632
-0.667158 -0.184324 0.721751 46.206949 -0.137912 0.982716 0.123490 4.253456 -0.732039 -0.017151 -0.681047 -3.815357
-0.665018 -0.184995 0.723552 46.752960 -0.136155 0.982630 0.126095 4.333810 -0.734311 -0.014660 -0.678655 -4.332236
-0.659533 -0.183655 0.728894 47.345457 -0.134889 0.982869 0.125595 4.422576 -0.739474 -0.015486 -0.673007 -4.870880
-0.652771 -0.182267 0.735302 47.929841 -0.133633 0.983108 0.125060 4.508898 -0.745676 -0.016625 -0.666101 -5.394247
-0.647222 -0.181603 0.740354 48.542298 -0.133087 0.983212 0.124829 4.598351 -0.750594 -0.017740 -0.660526 -5.937845
-0.640937 -0.179969 0.746197 49.147181 -0.131923 0.983488 0.123886 4.685632 -0.756172 -0.019038 -0.654096 -6.463725
-0.635322 -0.177748 0.751513 49.781885 -0.131190 0.983847 0.121794 4.775595 -0.761022 -0.021213 -0.648379 -7.005477
-0.634574 -0.172472 0.753372 50.470637 -0.129486 0.984729 0.116370 4.870038 -0.761938 -0.023706 -0.647216 -7.589319
-0.634742 -0.170169 0.753754 51.239391 -0.128042 0.985128 0.114579 4.971581 -0.762042 -0.023784 -0.647091 -8.241649
-0.634874 -0.168568 0.754002 51.978607 -0.126974 0.985404 0.113389 5.067348 -0.762111 -0.023751 -0.647011 -8.870342
-0.635375 -0.168974 0.753489 52.773644 -0.126415 0.985362 0.114374 5.170021 -0.761786 -0.022582 -0.647435 -9.549905
-0.635174 -0.168617 0.753739 53.496662 -0.125615 0.985438 0.114595 5.263897 -0.762086 -0.021893 -0.647105 -10.164649
-0.635714 -0.169020 0.753193 54.238569 -0.124254 0.985416 0.116257 5.360722 -0.761858 -0.019681 -0.647444 -10.803078
-0.636021 -0.169694 0.752782 54.929034 -0.124329 0.985311 0.117066 5.452160 -0.761590 -0.019136 -0.647777 -11.390367
-0.636081 -0.168282 0.753048 55.636157 -0.123673 0.985546 0.115774 5.545961 -0.761646 -0.019490 -0.647700 -11.992820
-0.636071 -0.168353 0.753041 56.310093 -0.123116 0.985549 0.116341 5.634453 -0.761745 -0.018711 -0.647606 -12.570116
-0.635039 -0.169134 0.753737 56.983168 -0.123621 0.985412 0.116967 5.723297 -0.762525 -0.018899 -0.646683 -13.146611
-0.634490 -0.169107 0.754206 57.631837 -0.122889 0.985432 0.117569 5.809232 -0.763100 -0.018088 -0.646028 -13.701032
-0.632939 -0.168309 0.755686 58.349585 -0.120205 0.985611 0.118839 5.905375 -0.764813 -0.015619 -0.644062 -14.315164
-0.630977 -0.167907 0.757414 58.982534 -0.118263 0.985705 0.119994 5.990675 -0.766734 -0.013861 -0.641815 -14.849555
-0.628124 -0.167548 0.759861 59.576546 -0.117236 0.985772 0.120451 6.071000 -0.769231 -0.013425 -0.638830 -15.345537
-0.626166 -0.167751 0.761430 60.243280 -0.117139 0.985737 0.120838 6.161645 -0.770840 -0.013528 -0.636885 -15.903027
-0.624743 -0.168189 0.762502 60.977568 -0.117332 0.985660 0.121278 6.262002 -0.771965 -0.013699 -0.635517 -16.517317
-0.624209 -0.169293 0.762695 61.711138 -0.119352 0.985444 0.121055 6.362543 -0.772087 -0.015466 -0.635329 -17.123743
-0.625374 -0.170559 0.761457 62.517772 -0.122223 0.985186 0.120292 6.473250 -0.770694 -0.017841 -0.636956 -17.788593
-0.627103 -0.172210 0.759661 63.549509 -0.125102 0.984861 0.119989 6.615456 -0.768825 -0.019790 -0.639154 -18.645370
-0.630364 -0.171906 0.757027 64.383463 -0.123983 0.984950 0.120424 6.729758 -0.766335 -0.017947 -0.642191 -19.344062
-0.633360 -0.171806 0.754545 65.132751 -0.120216 0.985051 0.123383 6.833715 -0.764463 -0.012562 -0.644545 -19.975605
-0.635493 -0.169904 0.753180 65.927522 -0.120252 0.985364 0.120819 6.945754 -0.762684 -0.013792 -0.646624 -20.649360
-0.637405 -0.173089 0.750836 66.672578 -0.123659 0.984791 0.122045 7.049279 -0.760542 -0.015056 -0.649115 -21.289203
-0.639713 -0.175344 0.748346 67.443999 -0.127251 0.984356 0.121865 7.157766 -0.758007 -0.017269 -0.652018 -21.955689
-0.642238 -0.175806 0.746071 68.205724 -0.129623 0.984233 0.120344 7.264504 -0.755466 -0.019419 -0.654900 -22.620357
-0.644269 -0.176005 0.744271 68.939346 -0.131840 0.984150 0.118605 7.365911 -0.753350 -0.021711 -0.657262 -23.263611
-0.646637 -0.176272 0.742151 69.883516 -0.132033 0.984113 0.118701 7.496649 -0.751284 -0.021232 -0.659638 -24.094750
-0.650314 -0.171841 0.739974 70.742675 -0.124330 0.985021 0.119481 7.616124 -0.749422 -0.014301 -0.661938 -24.852201
-0.653969 -0.164713 0.738373 71.439222 -0.114835 0.986314 0.118314 7.712685 -0.747755 -0.007417 -0.663933 -25.466433
-0.655178 -0.162157 0.737866 72.139851 -0.112300 0.986746 0.117138 7.808865 -0.747081 -0.006116 -0.664705 -26.085174
-0.654695 -0.168188 0.736945 72.868562 -0.120299 0.985690 0.118085 7.908514 -0.746259 -0.011344 -0.665559 -26.736398
-0.653649 -0.174366 0.736437 73.508601 -0.127413 0.984561 0.120025 7.996684 -0.745995 -0.015377 -0.665774 -27.313537
-0.653860 -0.179315 0.735060 74.172525 -0.129475 0.983698 0.124797 8.090941 -0.745455 -0.013572 -0.666417 -27.917292
-0.653457 -0.180706 0.735078 74.865921 -0.128899 0.983468 0.127182 8.193700 -0.745908 -0.011643 -0.665947 -28.538325
-0.652806 -0.179208 0.736023 75.535355 -0.126622 0.983759 0.127222 8.294284 -0.746868 -0.010145 -0.664895 -29.131579
-0.651688 -0.176336 0.737705 76.207862 -0.122486 0.984301 0.127076 8.395242 -0.748532 -0.007545 -0.663056 -29.722221
-0.649906 -0.173365 0.739977 76.880255 -0.117268 0.984850 0.127741 8.496069 -0.750913 -0.003756 -0.660391 -30.307376
-0.648032 -0.169701 0.742466 77.518970 -0.115377 0.985483 0.124544 8.590514 -0.752823 -0.004955 -0.658204 -30.859986
-0.645772 -0.166680 0.745115 78.107291 -0.114818 0.985983 0.121052 8.674258 -0.754848 -0.007381 -0.655859 -31.360765
-0.644386 -0.167879 0.746045 78.781023 -0.114001 0.985792 0.123362 8.769319 -0.756155 -0.005557 -0.654369 -31.939376
-0.642038 -0.171407 0.747266 79.530278 -0.115078 0.985191 0.127108 8.878037 -0.757987 -0.004386 -0.652255 -32.581380
-0.637470 -0.174088 0.750550 80.204520 -0.117817 0.984708 0.128334 8.977802 -0.761414 -0.006618 -0.648232 -33.154370
-0.631378 -0.174147 0.755668 80.846456 -0.116730 0.984698 0.129398 9.073061 -0.766640 -0.006510 -0.642045 -33.693612
-0.624970 -0.176022 0.760545 81.514589 -0.115029 0.984377 0.133303 9.173568 -0.772127 -0.004175 -0.635454 -34.246362
-0.617262 -0.175751 0.766876 82.107088 -0.114939 0.984416 0.133091 9.263477 -0.778316 -0.005992 -0.627844 -34.719296
-0.608044 -0.174077 0.774584 82.708684 -0.113860 0.984700 0.131918 9.353473 -0.785696 -0.007982 -0.618561 -35.191211
-0.597634 -0.171310 0.783254 83.356959 -0.107833 0.985205 0.133202 9.449697 -0.794485 -0.004855 -0.607265 -35.685748
-0.588671 -0.169079 0.790492 84.033091 -0.105284 0.985588 0.132404 9.549427 -0.801487 -0.005284 -0.597989 -36.190763
-0.579152 -0.168028 0.797715 84.861680 -0.102456 0.985772 0.133256 9.671222 -0.808756 -0.004555 -0.588127 -36.799850
-0.568154 -0.167139 0.805770 85.699161 -0.100176 0.985922 0.133872 9.793979 -0.816802 -0.004659 -0.576899 -37.398788
-0.558814 -0.169136 0.811862 86.479321 -0.101878 0.985567 0.135201 9.907709 -0.823011 -0.007159 -0.567980 -37.943583
-0.551059 -0.174889 0.815934 87.300066 -0.109893 0.984485 0.136798 10.028128 -0.827198 -0.014282 -0.561728 -38.506937
-0.540567 -0.178484 0.822150 88.006119 -0.113158 0.983782 0.139172 10.132214 -0.833656 -0.017801 -0.551997 -38.980886
-0.529690 -0.174726 0.830000 88.812992 -0.108268 0.984476 0.138151 10.251998 -0.841253 -0.016685 -0.540384 -39.507016
-0.516804 -0.172972 0.838447 89.571939 -0.101857 0.984843 0.140390 10.363509 -0.850023 -0.012847 -0.526589 -39.982033
-0.505608 -0.172787 0.845284 90.391324 -0.101749 0.984845 0.140453 10.484343 -0.856743 -0.014993 -0.515526 -40.480707
-0.497861 -0.175143 0.849387 91.160109 -0.107920 0.984295 0.139704 10.596399 -0.860516 -0.022112 -0.508944 -40.936626
-0.491061 -0.175193 0.853326 91.969274 -0.115048 0.984031 0.135821 10.712312 -0.863494 -0.031477 -0.503375 -41.408520
-0.486063 -0.175937 0.856031 92.934941 -0.118434 0.983750 0.134939 10.847636 -0.865862 -0.035794 -0.499002 -41.968881
-0.480868 -0.175510 0.859047 93.688652 -0.118632 0.983775 0.134586 10.951383 -0.868730 -0.037192 -0.493887 -42.398352
-0.475370 -0.174373 0.862332 94.525173 -0.118634 0.983914 0.133561 11.066256 -0.871751 -0.038811 -0.488410 -42.864582
-0.470206 -0.171445 0.865744 95.357777 -0.114928 0.984492 0.132541 11.179013 -0.875042 -0.037177 -0.482617 -43.324034
-0.463007 -0.170837 0.869735 96.236817 -0.110008 0.984739 0.134863 11.297894 -0.879502 -0.033235 -0.474734 -43.800664
-0.457614 -0.170746 0.872603 96.938136 -0.107783 0.984804 0.136177 11.392858 -0.882594 -0.031735 -0.469063 -44.177131
-0.450033 -0.169883 0.876704 97.688169 -0.108136 0.984881 0.135336 11.494914 -0.886440 -0.033897 -0.461600 -44.568798
-0.443076 -0.167690 0.880661 98.624133 -0.110981 0.985053 0.131731 11.621295 -0.889588 -0.039370 -0.455064 -45.043878
-0.435977 -0.169807 0.883793 99.458307 -0.113100 0.984590 0.133382 11.731132 -0.892823 -0.041806 -0.448464 -45.460407
-0.428337 -0.174590 0.886592 100.294463 -0.115411 0.983692 0.137953 11.843229 -0.896219 -0.043232 -0.441501 -45.872748
-0.421987 -0.174750 0.889601 101.053236 -0.113532 0.983709 0.139382 11.947427 -0.899465 -0.042180 -0.434952 -46.236489
-0.416205 -0.172788 0.892702 101.804177 -0.108173 0.984215 0.140068 12.051289 -0.902813 -0.038269 -0.428327 -46.586519
-0.409438 -0.171207 0.896130 102.492444 -0.104033 0.984589 0.140575 12.146132 -0.906387 -0.035670 -0.420939 -46.901620
-0.400506 -0.172320 0.899945 103.127487 -0.106401 0.984259 0.141113 12.233063 -0.910096 -0.039238 -0.412537 -47.188906
-0.392389 -0.176966 0.902615 104.160137 -0.108818 0.983357 0.145490 12.377942 -0.913340 -0.041132 -0.405115 -47.657420
-0.383857 -0.176813 0.906306 105.131116 -0.108444 0.983336 0.145910 12.517120 -0.917003 -0.042275 -0.396635 -48.084278
-0.376116 -0.176617 0.909584 106.161933 -0.106148 0.983415 0.147060 12.665400 -0.920472 -0.041239 -0.388626 -48.524493
-0.367604 -0.178541 0.912683 107.182131 -0.103713 0.983147 0.150553 12.813614 -0.924181 -0.039313 -0.379925 -48.949756
-0.359677 -0.181028 0.915348 108.303182 -0.102464 0.982729 0.154092 12.980680 -0.927434 -0.038367 -0.372014 -49.403253
-0.352286 -0.182254 0.917975 109.470314 -0.101192 0.982523 0.156236 13.158220 -0.930406 -0.037852 -0.364572 -49.864963
-0.345088 -0.177398 0.921653 110.734687 -0.099562 0.983354 0.151996 13.351310 -0.933275 -0.039309 -0.357006 -50.349333
-0.337763 -0.175789 0.924670 111.902165 -0.097872 0.983639 0.151249 13.524271 -0.936129 -0.039413 -0.349441 -50.785283
-0.333998 -0.178039 0.925606 112.838315 -0.097169 0.983271 0.154068 13.661843 -0.937552 -0.038481 -0.345711 -51.131174
-0.329230 -0.179221 0.927085 113.752407 -0.096154 0.983082 0.155899 13.798413 -0.939341 -0.037817 -0.340893 -51.463514
-0.325520 -0.183025 0.927652 114.630150 -0.096948 0.982377 0.159803 13.931472 -0.940552 -0.037915 -0.337527 -51.780977
-0.322260 -0.187601 0.927876 115.524634 -0.094227 0.981656 0.165749 14.071526 -0.941950 -0.034017 -0.334025 -52.100640
-0.318075 -0.191108 0.928604 116.650117 -0.090869 0.981109 0.170788 14.255403 -0.943701 -0.030058 -0.329432 -52.494387
-0.313861 -0.191365 0.929984 117.888148 -0.088797 0.981102 0.171915 14.463030 -0.945308 -0.028622 -0.324922 -52.922632
-0.309999 -0.190779 0.931399 118.988536 -0.089874 0.981153 0.171058 14.647567 -0.946480 -0.030681 -0.321302 -53.295830
-0.305688 -0.189594 0.933064 120.238878 -0.091869 0.981275 0.169292 14.856276 -0.947689 -0.033970 -0.317382 -53.711188
-0.302955 -0.185398 0.934797 121.508210 -0.090527 0.982058 0.165433 15.064576 -0.948695 -0.034505 -0.314303 -54.131328
-0.301781 -0.182806 0.935687 122.813380 -0.089098 0.982557 0.163227 15.273856 -0.949205 -0.034109 -0.312805 -54.556949
-0.302008 -0.177766 0.936584 124.163742 -0.083474 0.983618 0.159777 15.486707 -0.949644 -0.029926 -0.311899 -54.996224
-0.300640 -0.172488 0.938010 125.518226 -0.077074 0.984687 0.156369 15.695063 -0.950618 -0.025286 -0.309330 -55.433086
-0.298348 -0.169900 0.939214 126.800711 -0.073193 0.985204 0.154969 15.887602 -0.951647 -0.022509 -0.306369 -55.845236
-0.295075 -0.171865 0.939890 128.088685 -0.077681 0.984748 0.155680 16.079420 -0.952311 -0.027074 -0.303925 -56.256815
-0.292070 -0.173429 0.940541 129.478016 -0.081232 0.984366 0.156285 16.287633 -0.952941 -0.030755 -0.301592 -56.695122
-0.289014 -0.170282 0.942059 130.734841 -0.080143 0.984903 0.153439 16.475297 -0.953965 -0.031154 -0.298297 -57.083632
-0.286336 -0.172310 0.942508 131.793633 -0.079531 0.984576 0.155839 16.630813 -0.954823 -0.030336 -0.295624 -57.408547
-0.283960 -0.176173 0.942513 133.140165 -0.078470 0.983948 0.160277 16.833513 -0.955620 -0.028447 -0.293226 -57.819730
-0.281408 -0.175011 0.943494 134.269301 -0.080027 0.984083 0.158671 17.006398 -0.956246 -0.030854 -0.290934 -58.157816
-0.279921 -0.170202 0.944815 135.334411 -0.082043 0.984799 0.153098 17.165800 -0.956511 -0.034660 -0.289630 -58.476143
-0.277667 -0.163082 0.946734 136.385702 -0.082119 0.985908 0.145746 17.315995 -0.957161 -0.037276 -0.287147 -58.789012
-0.276983 -0.164320 0.946720 137.600597 -0.084528 0.985616 0.146341 17.483374 -0.957150 -0.039491 -0.286889 -59.152162
-0.275712 -0.161970 0.947496 138.633862 -0.084160 0.985984 0.144060 17.624911 -0.957549 -0.040022 -0.285479 -59.457676
-0.272961 -0.158871 0.948816 139.579000 -0.084368 0.986423 0.140897 17.751355 -0.958319 -0.041591 -0.282658 -59.732918
-0.271743 -0.157832 0.949339 140.705584 -0.081859 0.986675 0.140608 17.899983 -0.958882 -0.039503 -0.281042 -60.061411
-0.269211 -0.156051 0.950354 141.488174 -0.076943 0.987116 0.140291 18.001580 -0.960003 -0.035356 -0.277750 -60.286510
-0.267713 -0.154469 0.951036 142.224942 -0.070254 0.987567 0.140626 18.096846 -0.960934 -0.029167 -0.275237 -60.495801
-0.263575 -0.157306 0.951726 143.055386 -0.068446 0.987177 0.144210 18.205936 -0.962208 -0.027131 -0.270962 -60.730737
-0.257927 -0.158382 0.953094 143.767270 -0.072130 0.986876 0.144476 18.300581 -0.963468 -0.031483 -0.265966 -60.925033
-0.249819 -0.159583 0.955052 144.684032 -0.075137 0.986546 0.145192 18.423841 -0.965373 -0.035488 -0.258449 -61.172029
-0.241565 -0.158637 0.957330 145.780139 -0.075542 0.986627 0.144430 18.572201 -0.967440 -0.037429 -0.250318 -61.456066
-0.230022 -0.157246 0.960398 146.743491 -0.069780 0.986985 0.144887 18.701418 -0.970681 -0.033689 -0.238001 -61.693688
-0.216380 -0.157107 0.963585 147.710597 -0.065982 0.987064 0.146118 18.831454 -0.974077 -0.031962 -0.223948 -61.917629
-0.200910 -0.158477 0.966706 148.462266 -0.065935 0.986777 0.148064 18.932528 -0.977388 -0.033992 -0.208702 -62.076612
-0.181955 -0.157340 0.970637 149.200567 -0.064821 0.986887 0.147823 19.032588 -0.981168 -0.036020 -0.189768 -62.210762
-0.164907 -0.157048 0.973726 149.985855 -0.062157 0.986934 0.148652 19.138708 -0.984349 -0.036010 -0.172514 -62.345915
-0.146831 -0.156915 0.976636 150.751762 -0.060272 0.986922 0.149506 19.242541 -0.987324 -0.036912 -0.154368 -62.461154
-0.126310 -0.156556 0.979559 151.480555 -0.062345 0.986769 0.149669 19.341235 -0.990030 -0.042166 -0.134399 -62.556055
-0.109193 -0.156240 0.981665 152.279216 -0.068591 0.986400 0.149364 19.449460 -0.991651 -0.051023 -0.118425 -62.647150
-0.087140 -0.155056 0.984055 153.295549 -0.073081 0.986146 0.148914 19.588730 -0.993512 -0.058940 -0.097264 -62.733821
-0.069157 -0.151874 0.985977 154.029382 -0.071625 0.986549 0.146938 19.687422 -0.995031 -0.060459 -0.079105 -62.775095
-0.054943 -0.148349 0.987408 154.793427 -0.066017 0.987277 0.144656 19.787664 -0.996305 -0.057238 -0.064038 -62.817636
-0.040092 -0.144316 0.988719 155.605964 -0.061107 0.988017 0.141735 19.892249 -0.997326 -0.054735 -0.048431 -62.851375
-0.024067 -0.141168 0.989693 156.380856 -0.063914 0.988172 0.139397 19.989234 -0.997665 -0.059900 -0.032805 -62.874276
-0.014510 -0.139356 0.990136 157.124667 -0.070337 0.987929 0.138015 20.080371 -0.997418 -0.067641 -0.024137 -62.890308
-0.010170 -0.134646 0.990841 157.898399 -0.072668 0.988372 0.133565 20.173361 -0.997304 -0.070644 -0.019836 -62.900676
-0.007142 -0.131802 0.991250 158.734203 -0.067274 0.989093 0.131031 20.271038 -0.997709 -0.065749 -0.015931 -62.909912
-0.005811 -0.130169 0.991475 159.732740 -0.061133 0.989683 0.129575 20.386358 -0.998113 -0.059859 -0.013709 -62.919416
-0.005082 -0.127715 0.991798 160.881907 -0.057646 0.990199 0.127214 20.517536 -0.998324 -0.056527 -0.012394 -62.931010
-0.005601 -0.127399 0.991836 162.046627 -0.058274 0.990207 0.126860 20.648289 -0.998285 -0.057087 -0.012970 -62.943589
-0.007212 -0.125839 0.992024 162.999534 -0.058507 0.990404 0.125208 20.753586 -0.998261 -0.057137 -0.014505 -62.955759
-0.006144 -0.123113 0.992374 164.164254 -0.055544 0.990902 0.122587 20.881380 -0.998437 -0.054367 -0.012926 -62.967447
-0.005540 -0.122133 0.992498 165.621671 -0.055644 0.991013 0.121640 21.039249 -0.998435 -0.054553 -0.012286 -62.980010
-0.004194 -0.121555 0.992576 167.099899 -0.053919 0.991168 0.121155 21.198180 -0.998537 -0.053011 -0.010711 -62.991070
-0.003039 -0.121547 0.992581 168.508716 -0.051825 0.991271 0.121228 21.348895 -0.998652 -0.051072 -0.009311 -62.999896
-0.002054 -0.121318 0.992612 170.090024 -0.051645 0.991302 0.121051 21.518305 -0.998663 -0.051015 -0.008302 -63.012188
0.001351 -0.122229 0.992501 171.688077 -0.052317 0.991134 0.122132 21.689743 -0.998630 -0.052089 -0.005056 -63.021339
0.004513 -0.123735 0.992305 173.285195 -0.054082 0.990833 0.123798 21.862808 -0.998526 -0.054225 -0.002220 -63.028371
0.009766 -0.125678 0.992023 174.795316 -0.055538 0.990471 0.126028 22.029208 -0.998409 -0.056326 0.002693 -63.027040
0.014605 -0.130377 0.991357 176.306706 -0.056843 0.989751 0.131003 22.200004 -0.998276 -0.058265 0.007044 -63.020139
0.020013 -0.131596 0.991101 177.679059 -0.055270 0.989638 0.132518 22.360927 -0.998271 -0.057430 0.012533 -63.003822
0.030211 -0.133264 0.990620 179.119805 -0.050862 0.989583 0.134676 22.533238 -0.998249 -0.054453 0.023118 -62.967456
0.045980 -0.132940 0.990057 180.754121 -0.047924 0.989670 0.135114 22.732454 -0.997792 -0.053660 0.039134 -62.904346
0.063991 -0.135299 0.988736 182.104354 -0.046227 0.989301 0.138368 22.897804 -0.996879 -0.054560 0.057052 -62.830985
0.085880 -0.139359 0.986511 183.477011 -0.043535 0.988698 0.143458 23.071931 -0.995354 -0.055267 0.078842 -62.721899
0.107311 -0.137339 0.984694 184.745085 -0.038672 0.989087 0.142167 23.237407 -0.993473 -0.053336 0.100829 -62.591779
0.129870 -0.132230 0.982674 186.037030 -0.031350 0.990025 0.137363 23.403556 -0.991035 -0.048646 0.124429 -62.429168
0.147811 -0.131145 0.980282 187.312113 -0.022311 0.990475 0.135873 23.562522 -0.988764 -0.041955 0.143477 -62.240385
0.167418 -0.127904 0.977554 188.574812 -0.013175 0.991170 0.131942 23.717943 -0.985798 -0.034969 0.164254 -62.018696
0.187314 -0.127849 0.973945 189.822177 -0.003701 0.991395 0.130851 23.867350 -0.982293 -0.028115 0.185229 -61.778050
0.206468 -0.127332 0.970133 190.961913 0.004684 0.991613 0.129155 24.002171 -0.978442 -0.022123 0.205333 -61.537217
0.228235 -0.127614 0.965207 192.062092 0.009454 0.991616 0.128870 24.131357 -0.973560 -0.020288 0.227528 -61.274452
0.250566 -0.127817 0.959625 193.099589 0.012193 0.991584 0.128889 24.253486 -0.968023 -0.020594 0.250016 -60.996932
0.271686 -0.126271 0.954066 193.966314 0.015103 0.991792 0.126963 24.355052 -0.962268 -0.020085 0.271363 -60.735294
0.291746 -0.123540 0.948484 194.753468 0.017894 0.992155 0.123724 24.445412 -0.956329 -0.019124 0.291668 -60.477178
0.308714 -0.122755 0.943200 195.437671 0.023851 0.992324 0.121342 24.521561 -0.950856 -0.014964 0.309272 -60.241068
0.322713 -0.124492 0.938274 196.121909 0.028866 0.992146 0.121712 24.597048 -0.946057 -0.012194 0.323772 -59.999546
0.336425 -0.125066 0.933369 196.804894 0.030940 0.992075 0.121780 24.672964 -0.941202 -0.012092 0.337628 -59.745471
0.347130 -0.122615 0.929767 197.524556 0.029192 0.992348 0.119970 24.752935 -0.937363 -0.014503 0.348053 -59.469222
0.360756 -0.120234 0.924878 198.244549 0.024969 0.992545 0.119292 24.832369 -0.932326 -0.019942 0.361069 -59.180596
0.374261 -0.117114 0.919898 198.963451 0.015992 0.992661 0.119871 24.912037 -0.927186 -0.030152 0.373387 -58.882331
0.386252 -0.115891 0.915084 199.626111 0.008126 0.992465 0.122260 24.986712 -0.922357 -0.039787 0.384283 -58.597347
0.393992 -0.114681 0.911931 200.285783 0.010436 0.992679 0.120327 25.061672 -0.919054 -0.037891 0.392305 -58.308117
0.401195 -0.114905 0.908757 200.902906 0.021065 0.992996 0.116257 25.129972 -0.915751 -0.027499 0.400805 -58.025781
0.407513 -0.115751 0.905834 201.556252 0.033803 0.993166 0.111704 25.199553 -0.912574 -0.014901 0.408641 -57.722700
0.413611 -0.117303 0.902865 202.244917 0.043852 0.993081 0.108935 25.270322 -0.909397 -0.005464 0.415894 -57.400503
0.417873 -0.119922 0.900556 202.853051 0.044067 0.992759 0.111752 25.332179 -0.907436 -0.007013 0.420131 -57.119346
0.422882 -0.120004 0.898204 203.433403 0.041397 0.992716 0.113141 25.392584 -0.905239 -0.010662 0.424769 -56.845117
0.426502 -0.122599 0.896139 203.987114 0.040375 0.992364 0.116547 25.451677 -0.903585 -0.013526 0.428195 -56.583145
0.430747 -0.123415 0.893994 204.530084 0.042128 0.992275 0.116685 25.510721 -0.901489 -0.012600 0.432619 -56.321429
0.435475 -0.126332 0.891292 205.143487 0.047137 0.991946 0.117568 25.578587 -0.898966 -0.009185 0.437922 -56.018451
0.439005 -0.130228 0.888997 205.724751 0.053527 0.991474 0.118807 25.643586 -0.896889 -0.004572 0.442233 -55.726586
0.444300 -0.133575 0.885864 206.399334 0.057184 0.991034 0.120752 25.721008 -0.894051 -0.002993 0.447955 -55.383258
0.450688 -0.135517 0.882335 207.059888 0.058734 0.990770 0.122171 25.798304 -0.890747 -0.003238 0.454488 -55.040826
0.457877 -0.138225 0.878204 207.733319 0.061977 0.990399 0.123570 25.878624 -0.886852 -0.002151 0.462048 -54.684352
0.466990 -0.140916 0.872962 208.432947 0.063839 0.990017 0.125661 25.963992 -0.881955 -0.002953 0.471324 -54.305940
0.478036 -0.141083 0.866936 209.095746 0.062609 0.989978 0.126583 26.046403 -0.876106 -0.006233 0.482078 -53.938250
0.488717 -0.141191 0.860942 209.810534 0.060848 0.989931 0.127805 26.137118 -0.870318 -0.010074 0.492387 -53.528897
0.502113 -0.139463 0.853483 210.487865 0.059527 0.990144 0.126773 26.223865 -0.862751 -0.012849 0.505466 -53.125845
0.513987 -0.138497 0.846544 211.174164 0.059849 0.990265 0.125672 26.311743 -0.855708 -0.013929 0.517272 -52.706614
0.524415 -0.138331 0.840151 211.935273 0.063040 0.990314 0.123707 26.409338 -0.849126 -0.011911 0.528056 -52.223305
0.535452 -0.136110 0.833526 212.557680 0.066107 0.990655 0.119301 26.486670 -0.841974 -0.008778 0.539446 -51.814716
0.546459 -0.132379 0.826957 213.192050 0.067499 0.991178 0.114064 26.562570 -0.834761 -0.006512 0.550574 -51.386748
0.553915 -0.128899 0.822535 213.805804 0.070209 0.991655 0.108122 26.632234 -0.829608 -0.002141 0.558343 -50.959517
0.560134 -0.125332 0.818866 214.366928 0.071975 0.992114 0.102615 26.691749 -0.825270 0.001460 0.564737 -50.563972
0.562264 -0.123135 0.817739 214.909077 0.074813 0.992371 0.097991 26.745821 -0.823567 0.006080 0.567187 -50.181430
0.563046 -0.123381 0.817164 215.514295 0.078731 0.992304 0.095577 26.804207 -0.822667 0.010522 0.568426 -49.755828
0.562800 -0.121633 0.817595 216.090176 0.077376 0.992523 0.094394 26.858213 -0.822964 0.010137 0.568003 -49.354329
0.561387 -0.121612 0.818569 216.619198 0.076931 0.992529 0.094696 26.907122 -0.823970 0.009812 0.566548 -48.985540
0.559659 -0.121652 0.819745 217.191148 0.074940 0.992543 0.096133 26.960857 -0.825328 0.007630 0.564603 -48.588975
0.558637 -0.123014 0.820239 217.739996 0.074747 0.992383 0.097923 27.013291 -0.826037 0.006607 0.563577 -48.206917
0.556576 -0.126826 0.821059 218.253478 0.080329 0.991864 0.098756 27.062889 -0.826904 0.010990 0.562236 -47.853310
0.554654 -0.129609 0.821925 218.789575 0.083515 0.991477 0.099988 27.115439 -0.827879 0.013184 0.560751 -47.483187
0.553167 -0.133123 0.822365 219.268608 0.085698 0.991006 0.102777 27.163174 -0.828651 0.013622 0.559600 -47.155582
0.550158 -0.135096 0.824060 219.814673 0.085867 0.990748 0.105097 27.219657 -0.830635 0.012939 0.556668 -46.781231
0.547925 -0.135530 0.825476 220.315732 0.085753 0.990690 0.105736 27.271937 -0.832121 0.012852 0.554445 -46.440909
0.545450 -0.137907 0.826720 220.880535 0.084431 0.990394 0.109503 27.332831 -0.833880 0.010073 0.551854 -46.067057
0.543799 -0.137891 0.827810 221.528441 0.080086 0.990434 0.112370 27.405697 -0.835386 0.005189 0.549640 -45.644796
0.542657 -0.136029 0.828866 222.182525 0.072974 0.990703 0.114812 27.481251 -0.836778 -0.001818 0.547539 -45.219284
0.539428 -0.134118 0.831282 222.817257 0.068522 0.990951 0.115414 27.555532 -0.839239 -0.005297 0.543737 -44.807969
0.535862 -0.136926 0.833129 223.505047 0.072419 0.990579 0.116224 27.636675 -0.841194 -0.001946 0.540730 -44.370857
0.530937 -0.140974 0.835603 224.227991 0.076991 0.990012 0.118105 27.723040 -0.843907 0.001627 0.536487 -43.915915
0.527698 -0.139256 0.837940 224.901135 0.076843 0.990252 0.116177 27.803221 -0.845949 0.003084 0.533254 -43.495939
0.522175 -0.139335 0.841379 225.622530 0.076653 0.990238 0.116414 27.888289 -0.849387 0.003706 0.527758 -43.059866
0.515018 -0.141377 0.845440 226.288248 0.076964 0.989948 0.118658 27.966945 -0.853717 0.003958 0.520722 -42.661278
0.506144 -0.143003 0.850511 226.977349 0.076086 0.989716 0.121130 28.049955 -0.859086 0.003403 0.511819 -42.255881
0.497458 -0.145064 0.855273 227.631834 0.071468 0.989421 0.126248 28.130880 -0.864539 -0.001679 0.502563 -41.880965
0.488354 -0.144117 0.860663 228.231832 0.065046 0.989537 0.128788 28.207026 -0.870218 -0.006911 0.492618 -41.543694
0.475422 -0.144225 0.867855 228.844099 0.063317 0.989522 0.129759 28.285544 -0.877476 -0.006741 0.479572 -41.203835
0.460680 -0.150859 0.874652 229.537143 0.067787 0.988551 0.134800 28.376329 -0.884974 -0.002810 0.465632 -40.836826
0.450072 -0.161002 0.878359 230.248137 0.075081 0.986952 0.142435 28.473939 -0.889830 0.001842 0.456288 -40.470646
0.442784 -0.163155 0.881659 230.953310 0.080763 0.986565 0.142008 28.573836 -0.892984 0.008326 0.450012 -40.105013
0.439691 -0.159358 0.883899 231.609903 0.083639 0.987122 0.136363 28.664123 -0.894246 0.013971 0.447357 -39.761432
0.437186 -0.160075 0.885011 232.291968 0.085331 0.986977 0.136365 28.755462 -0.895314 0.015902 0.445152 -39.409942
0.435013 -0.160936 0.885925 232.931275 0.085966 0.986826 0.137053 28.840936 -0.896311 0.016540 0.443117 -39.085611
0.433973 -0.162516 0.886146 233.568178 0.084281 0.986606 0.139665 28.927176 -0.896975 0.014074 0.441858 -38.768516
0.432915 -0.161675 0.886818 234.234751 0.083213 0.986752 0.139272 29.018482 -0.897586 0.013501 0.440633 -38.433058
0.433089 -0.163198 0.886454 234.947098 0.084479 0.986492 0.140342 29.116536 -0.897384 0.014106 0.441026 -38.077831
0.433601 -0.165082 0.885854 235.608479 0.086192 0.986166 0.141587 29.208194 -0.896973 0.014961 0.441831 -37.747798
0.435759 -0.168049 0.884236 236.542806 0.087698 0.985668 0.144108 29.341160 -0.895781 0.014749 0.444251 -37.280751
0.437751 -0.172852 0.882324 237.302714 0.089015 0.984856 0.148776 29.451794 -0.894679 0.013413 0.446509 -36.900702
0.440478 -0.175332 0.880476 238.031940 0.090788 0.984416 0.150611 29.560976 -0.893161 0.013596 0.449531 -36.530512
0.443571 -0.177465 0.878494 238.862442 0.092322 0.984033 0.152169 29.687744 -0.891471 0.013607 0.452872 -36.107812
0.445837 -0.181294 0.876562 239.819912 0.096419 0.983303 0.154330 29.836717 -0.889906 0.015712 0.455874 -35.615952
0.449492 -0.183147 0.874308 240.762523 0.101044 0.982899 0.153947 29.985117 -0.887551 0.019146 0.460311 -35.122909
0.454596 -0.182253 0.871852 241.688467 0.101851 0.983058 0.152394 30.130399 -0.884855 0.019521 0.465457 -34.632269
0.458954 -0.181963 0.869627 242.555882 0.099624 0.983169 0.153143 30.265797 -0.882857 0.016350 0.469357 -34.166791
0.463177 -0.178163 0.868173 243.470076 0.094792 0.983925 0.151345 30.408963 -0.881182 0.012196 0.472620 -33.669264
0.466435 -0.176494 0.866769 244.636386 0.092986 0.984246 0.150376 30.591191 -0.879655 0.010457 0.475498 -33.029837
0.467715 -0.175582 0.866264 245.612736 0.094132 0.984392 0.148701 30.741867 -0.878852 0.011993 0.476943 -32.487462
0.471770 -0.173673 0.864448 246.550191 0.092912 0.984743 0.147135 30.884715 -0.876812 0.010904 0.480709 -31.962617
0.475460 -0.171434 0.862872 247.602139 0.089193 0.985169 0.146584 31.044358 -0.875204 0.007268 0.483699 -31.368008
0.479520 -0.170041 0.860899 248.423683 0.089234 0.985410 0.144931 31.167463 -0.872983 0.007324 0.487697 -30.889111
0.482193 -0.168615 0.859686 249.136570 0.091093 0.985634 0.142224 31.272144 -0.871316 0.009732 0.490625 -30.470671
0.485595 -0.169514 0.857591 249.911021 0.089609 0.985504 0.144058 31.385564 -0.869579 0.006894 0.493746 -30.015864
0.490218 -0.170229 0.854814 250.812842 0.088410 0.985395 0.145532 31.520447 -0.867104 0.004232 0.498109 -29.484854
0.494013 -0.170804 0.852512 251.686872 0.087211 0.985303 0.146872 31.652988 -0.865070 0.001792 0.501649 -28.956520
0.497423 -0.168000 0.851085 252.456641 0.090193 0.985767 0.141872 31.768697 -0.862807 0.006191 0.505496 -28.483878
0.499771 -0.166518 0.850000 253.165282 0.092086 0.985999 0.139017 31.871387 -0.861249 0.008797 0.508108 -28.050868
0.504595 -0.167340 0.846984 253.889694 0.089208 0.985891 0.141637 31.976063 -0.858735 0.004088 0.512403 -27.608057
0.509892 -0.163804 0.844499 254.591437 0.082553 0.986490 0.141501 32.078977 -0.856268 -0.002434 0.516526 -27.174491
0.513622 -0.159849 0.842995 255.291202 0.078743 0.987128 0.139203 32.181105 -0.854396 -0.005118 0.519598 -26.735962
0.514117 -0.156885 0.843250 256.030396 0.082794 0.987616 0.133266 32.286211 -0.853715 0.001302 0.520739 -26.270195
0.512285 -0.166919 0.842438 256.805393 0.093294 0.985941 0.138621 32.394982 -0.853733 0.007581 0.520656 -25.783564
0.510529 -0.177859 0.841265 257.613578 0.106212 0.983925 0.143564 32.513586 -0.853276 0.016058 0.521212 -25.277566
0.508743 -0.183055 0.841232 258.354943 0.115952 0.982799 0.143737 32.624956 -0.853074 0.024417 0.521218 -24.813463
0.510151 -0.184141 0.840142 259.160094 0.118965 0.982531 0.143112 32.746182 -0.851818 0.026939 0.523145 -24.309556
0.513148 -0.182932 0.838579 259.934169 0.114624 0.982877 0.144268 32.862753 -0.850612 0.022090 0.525330 -23.824489
0.517354 -0.180814 0.836452 260.871220 0.109205 0.983382 0.145031 33.006184 -0.848775 0.016313 0.528502 -23.233289
0.521792 -0.179070 0.834067 261.739192 0.105471 0.983761 0.145226 33.139739 -0.846528 0.012192 0.532205 -22.681393
0.525875 -0.179308 0.831447 262.418547 0.102893 0.983759 0.147077 33.244396 -0.844315 0.008205 0.535784 -22.243588
0.530168 -0.178327 0.828928 263.238057 0.100510 0.983958 0.147394 33.373130 -0.841914 0.005172 0.539586 -21.706842
0.533485 -0.179386 0.826568 263.988150 0.101593 0.983766 0.147932 33.491364 -0.839686 0.005054 0.543048 -21.210395
0.535183 -0.181830 0.824935 264.878762 0.107091 0.983284 0.147257 33.633061 -0.837921 0.009534 0.545709 -20.615458
0.536378 -0.185056 0.823440 265.794464 0.112656 0.982633 0.147450 33.778670 -0.836426 0.013677 0.547910 -20.005046
0.537548 -0.189505 0.821663 266.697306 0.118999 0.981716 0.148567 33.922945 -0.834794 0.017915 0.550270 -19.398725
0.538544 -0.192111 0.820404 267.682482 0.125066 0.981101 0.147643 34.081652 -0.833264 0.023092 0.552393 -18.731479
0.539031 -0.197759 0.818741 268.436988 0.132644 0.979848 0.149344 34.202326 -0.831776 0.028100 0.554400 -18.217260
0.541923 -0.197847 0.816808 269.196057 0.133654 0.979815 0.148657 34.324705 -0.829733 0.028609 0.557428 -17.695008
0.546177 -0.192558 0.815237 270.093269 0.128597 0.980958 0.145546 34.468975 -0.827740 0.025343 0.560540 -17.076130
0.550998 -0.185952 0.813525 270.918121 0.116363 0.982454 0.145752 34.599537 -0.826354 0.014355 0.562968 -16.509266
0.554923 -0.183207 0.811477 271.577680 0.108571 0.983055 0.147699 34.704080 -0.824787 0.006141 0.565411 -16.050042
0.555021 -0.184504 0.811117 272.283474 0.111795 0.982790 0.147057 34.817298 -0.824290 0.009059 0.566095 -15.553203
