1.000000 0.000000 0.000000 0.000000 0.000000 1.000000 0.000000 0.000000 0.000000 0.000000 1.000000 0.000000
0.999997 0.000793 -0.002266 -0.001253 -0.000790 0.999999 0.000995 -0.014300 0.002267 -0.000993 0.999997 0.801281
0.999988 0.001825 -0.004494 -0.004875 -0.001824 0.999998 0.000100 -0.028440 0.004494 -0.000092 0.999990 1.609946
0.999972 0.002783 -0.006922 -0.012609 -0.002786 0.999996 -0.000314 -0.043528 0.006921 0.000333 0.999976 2.451294
0.999948 0.003713 -0.009478 -0.023628 -0.003727 0.999992 -0.001485 -0.058881 0.009472 0.001521 0.999954 3.270622
0.999927 0.004500 -0.011241 -0.039271 -0.004513 0.999989 -0.001211 -0.075142 0.011235 0.001262 0.999936 4.119380
0.999891 0.005735 -0.013639 -0.058710 -0.005771 0.999980 -0.002618 -0.091526 0.013624 0.002696 0.999904 4.961461
0.999829 0.006629 -0.017247 -0.080854 -0.006711 0.999967 -0.004645 -0.108489 0.017215 0.004760 0.999840 5.755618
0.999783 0.007466 -0.019439 -0.111502 -0.007578 0.999955 -0.005673 -0.127272 0.019395 0.005819 0.999795 6.586526
0.999735 0.007858 -0.021650 -0.141921 -0.007984 0.999952 -0.005749 -0.145255 0.021604 0.005921 0.999749 7.342995
0.999682 0.008213 -0.023862 -0.178957 -0.008350 0.999949 -0.005638 -0.164675 0.023815 0.005836 0.999699 8.180807
0.999605 0.008961 -0.026626 -0.218595 -0.009144 0.999935 -0.006745 -0.183222 0.026564 0.006986 0.999623 8.959810
0.999541 0.010134 -0.028552 -0.250677 -0.010335 0.999923 -0.006869 -0.203152 0.028480 0.007161 0.999569 9.767779
0.999453 0.010730 -0.031284 -0.283133 -0.010913 0.999924 -0.005682 -0.222001 0.031220 0.006020 0.999494 10.535422
0.999380 0.010859 -0.033494 -0.321807 -0.011057 0.999923 -0.005704 -0.241668 0.033429 0.006071 0.999423 11.380769
0.999302 0.010883 -0.035732 -0.358126 -0.011086 0.999923 -0.005494 -0.260554 0.035669 0.005886 0.999346 12.183140
0.999154 0.012916 -0.039055 -0.400807 -0.013204 0.999887 -0.007118 -0.280337 0.038959 0.007628 0.999212 13.017626
0.999017 0.015675 -0.041456 -0.452373 -0.015999 0.999844 -0.007493 -0.304440 0.041333 0.008149 0.999112 14.018562
0.998874 0.017643 -0.044040 -0.497618 -0.018144 0.999775 -0.011018 -0.327006 0.043836 0.011805 0.998969 14.877438
0.998788 0.017509 -0.046000 -0.541497 -0.018081 0.999764 -0.012063 -0.351946 0.045778 0.012880 0.998869 15.736625
0.998723 0.015774 -0.047996 -0.584792 -0.016347 0.999800 -0.011559 -0.377516 0.047804 0.012329 0.998781 16.600045
0.998657 0.013536 -0.050006 -0.632331 -0.014147 0.999829 -0.011889 -0.404050 0.049836 0.012581 0.998678 17.511226
0.998617 0.012616 -0.051041 -0.682076 -0.013198 0.999852 -0.011069 -0.430650 0.050894 0.011728 0.998635 18.426305
0.998458 0.013229 -0.053922 -0.732481 -0.013861 0.999839 -0.011371 -0.456950 0.053763 0.012100 0.998480 19.344309
0.998316 0.014048 -0.056281 -0.783422 -0.014580 0.999853 -0.009052 -0.483692 0.056146 0.009857 0.998374 20.295892
0.998257 0.011939 -0.057804 -0.834225 -0.012436 0.999889 -0.008248 -0.507093 0.057699 0.008953 0.998294 21.179463
0.998205 0.007723 -0.059393 -0.891214 -0.008235 0.999931 -0.008380 -0.530961 0.059324 0.008854 0.998199 22.109811
0.998206 0.003844 -0.059745 -0.951114 -0.004319 0.999960 -0.007819 -0.555207 0.059712 0.008063 0.998183 23.061581
0.998322 0.000574 -0.057904 -1.012635 -0.000999 0.999973 -0.007317 -0.579256 0.057898 0.007363 0.998295 24.028852
0.998350 -0.001184 -0.057407 -1.073069 0.000776 0.999974 -0.007128 -0.603013 0.057414 0.007071 0.998325 25.000170
0.998448 0.001426 -0.055680 -1.130495 -0.001833 0.999972 -0.007261 -0.626547 0.055668 0.007352 0.998422 25.961412
0.998444 0.006218 -0.055419 -1.189157 -0.006634 0.999951 -0.007330 -0.651069 0.055371 0.007686 0.998436 26.965632
0.998466 0.009361 -0.054565 -1.244712 -0.009721 0.999933 -0.006337 -0.675627 0.054502 0.006857 0.998490 27.980877
0.998513 0.008154 -0.053897 -1.297179 -0.008312 0.999962 -0.002708 -0.698326 0.053873 0.003152 0.998543 28.991676
0.998514 0.003093 -0.054402 -1.354993 -0.003093 0.999995 0.000083 -0.717938 0.054402 0.000086 0.998519 30.033258
0.998484 -0.000687 -0.055044 -1.410167 0.000912 0.999991 0.004065 -0.733985 0.055040 -0.004109 0.998476 31.046986
0.998398 -0.000063 -0.056576 -1.461423 0.000675 0.999941 0.010798 -0.744793 0.056572 -0.010818 0.998340 32.007455
0.998333 0.003959 -0.057580 -1.514098 -0.003207 0.999908 0.013153 -0.750354 0.057627 -0.012947 0.998254 32.939810
0.998214 0.007824 -0.059232 -1.570513 -0.007057 0.999889 0.013138 -0.754370 0.059328 -0.012696 0.998158 33.885982
0.998113 0.008656 -0.060790 -1.628058 -0.007944 0.999897 0.011942 -0.758709 0.060887 -0.011436 0.998079 34.823092
0.998002 0.006327 -0.062872 -1.695367 -0.005579 0.999912 0.012073 -0.763806 0.062942 -0.011698 0.997949 35.869274
0.997863 0.003096 -0.065270 -1.770906 -0.002479 0.999951 0.009536 -0.769348 0.065297 -0.009354 0.997822 36.880956
0.997777 0.002086 -0.066602 -1.841153 -0.001425 0.999949 0.009966 -0.776657 0.066619 -0.009849 0.997730 37.862735
0.997733 -0.000319 -0.067290 -1.914916 0.000843 0.999970 0.007764 -0.784327 0.067285 -0.007803 0.997703 38.861353
0.997709 -0.003348 -0.067566 -1.989777 0.003874 0.999963 0.007664 -0.793757 0.067538 -0.007909 0.997685 39.888543
0.997669 -0.006029 -0.067968 -2.072454 0.006186 0.999979 0.002107 -0.805254 0.067954 -0.002523 0.997685 40.989037
0.997685 -0.005971 -0.067739 -2.148819 0.006067 0.999981 0.001206 -0.821453 0.067731 -0.001615 0.997702 42.073225
0.997614 -0.004948 -0.068864 -2.218516 0.005062 0.999986 0.001491 -0.837639 0.068856 -0.001836 0.997625 43.098625
0.997620 -0.002439 -0.068905 -2.293480 0.002428 0.999997 -0.000236 -0.855054 0.068905 0.000068 0.997623 44.204057
0.997621 -0.002066 -0.068910 -2.364937 0.002081 0.999998 0.000139 -0.872741 0.068910 -0.000282 0.997623 45.234355
0.997595 -0.003183 -0.069232 -2.436435 0.003302 0.999993 0.001605 -0.889467 0.069227 -0.001830 0.997599 46.247169
0.997575 -0.004459 -0.069463 -2.506205 0.004578 0.999988 0.001549 -0.904976 0.069455 -0.001863 0.997583 47.243134
0.997569 -0.002205 -0.069650 -2.573859 0.002165 0.999997 -0.000650 -0.920889 0.069651 0.000497 0.997571 48.210728
0.997531 0.003482 -0.070140 -2.640855 -0.003532 0.999994 -0.000595 -0.938203 0.070137 0.000841 0.997537 49.170193
0.997450 0.005249 -0.071171 -2.709503 -0.005265 0.999986 -0.000038 -0.955335 0.071170 0.000412 0.997464 50.134708
0.997498 0.002410 -0.070647 -2.781698 -0.002375 0.999997 0.000576 -0.971893 0.070649 -0.000407 0.997501 51.105933
0.997472 -0.000745 -0.071060 -2.851173 0.000992 0.999994 0.003441 -0.987044 0.071057 -0.003503 0.997466 52.062361
0.997456 -0.000942 -0.071276 -2.917509 0.001259 0.999989 0.004409 -0.999637 0.071271 -0.004487 0.997447 52.976597
0.997455 0.000274 -0.071294 -2.980880 0.000276 0.999970 0.007709 -1.010676 0.071294 -0.007709 0.997426 53.885604
0.997439 0.002127 -0.071486 -3.049209 -0.001281 0.999929 0.011874 -1.018672 0.071506 -0.011752 0.997371 54.838472
0.997238 0.001881 -0.074255 -3.123969 -0.000951 0.999921 0.012557 -1.023596 0.074272 -0.012452 0.997160 55.794763
0.997176 -0.002431 -0.075058 -3.199322 0.003606 0.999873 0.015519 -1.027263 0.075011 -0.015746 0.997058 56.798013
0.997073 -0.007583 -0.076082 -3.279737 0.008958 0.999802 0.017748 -1.028053 0.075933 -0.018377 0.996944 57.831886
0.996952 -0.009421 -0.077450 -3.355417 0.010760 0.999799 0.016893 -1.027904 0.077275 -0.017675 0.996853 58.776649
0.996842 -0.006228 -0.079168 -3.437310 0.007586 0.999829 0.016862 -1.028271 0.079049 -0.017409 0.996719 59.742500
0.996767 0.001893 -0.080318 -3.518215 -0.000708 0.999891 0.014780 -1.029428 0.080337 -0.014675 0.996660 60.677981
0.996647 0.007362 -0.081486 -3.593272 -0.006300 0.999892 0.013278 -1.032454 0.081575 -0.012720 0.996586 61.541143
0.996511 0.006441 -0.083208 -3.674953 -0.005774 0.999949 0.008255 -1.037573 0.083257 -0.007746 0.996498 62.394063
0.996428 0.003797 -0.084363 -3.756425 -0.003298 0.999976 0.006056 -1.046366 0.084384 -0.005757 0.996417 63.275012
0.996391 0.001366 -0.084870 -3.833975 -0.001043 0.999992 0.003856 -1.056818 0.084875 -0.003753 0.996385 64.108130
0.996419 0.001593 -0.084541 -3.907507 -0.001223 0.999989 0.004420 -1.068429 0.084547 -0.004301 0.996410 64.942266
0.996346 -0.000032 -0.085407 -3.982326 0.000301 0.999995 0.003132 -1.079735 0.085406 -0.003147 0.996341 65.742426
0.996294 -0.001184 -0.086006 -4.057935 0.001373 0.999997 0.002138 -1.091925 0.086003 -0.002248 0.996292 66.535780
0.996227 -0.001731 -0.086773 -4.131621 0.001948 0.999995 0.002405 -1.104641 0.086768 -0.002565 0.996225 67.333495
0.996165 -0.002645 -0.087460 -4.211070 0.002786 0.999995 0.001487 -1.117749 0.087455 -0.001725 0.996167 68.159485
0.996020 -0.005660 -0.088955 -4.292891 0.005667 0.999984 -0.000169 -1.132079 0.088955 -0.000336 0.996036 69.008270
0.995849 -0.009785 -0.090497 -4.375025 0.009660 0.999952 -0.001812 -1.147538 0.090510 0.000931 0.995895 69.835707
0.995712 -0.011834 -0.091748 -4.457100 0.011452 0.999923 -0.004682 -1.164406 0.091796 0.003612 0.995771 70.637875
0.995644 -0.009107 -0.092792 -4.531850 0.008460 0.999937 -0.007362 -1.183005 0.092853 0.006545 0.995658 71.405300
0.995523 -0.001911 -0.094503 -4.601737 0.001099 0.999962 -0.008634 -1.202524 0.094516 0.008492 0.995487 72.133992
0.995480 0.004438 -0.094870 -4.665036 -0.005178 0.999958 -0.007558 -1.221724 0.094832 0.008015 0.995461 72.834436
0.995496 0.005033 -0.094673 -4.732986 -0.005905 0.999943 -0.008935 -1.240538 0.094623 0.009454 0.995468 73.524512
0.995504 0.001229 -0.094711 -4.798784 -0.002241 0.999942 -0.010574 -1.259879 0.094692 0.010739 0.995449 74.193416
0.995410 -0.002274 -0.095675 -4.864480 0.001127 0.999927 -0.012036 -1.280568 0.095696 0.011873 0.995340 74.873933
0.995393 0.000220 -0.095876 -4.920530 -0.001129 0.999955 -0.009426 -1.299266 0.095869 0.009490 0.995349 75.479348
0.995232 0.005477 -0.097377 -4.971897 -0.005707 0.999982 -0.002092 -1.314514 0.097364 0.002638 0.995245 76.060417
0.995283 0.011131 -0.096370 -5.027723 -0.010989 0.999938 0.002014 -1.326493 0.096386 -0.000945 0.995344 76.648483
0.995397 0.011184 -0.095184 -5.084710 -0.011211 0.999937 0.000251 -1.337637 0.095181 0.000818 0.995460 77.234257
0.995731 0.007936 -0.091964 -5.145155 -0.008362 0.999956 -0.004247 -1.350573 0.091926 0.004998 0.995753 77.826820
0.996140 0.005000 -0.087638 -5.193487 -0.005280 0.999982 -0.002959 -1.363825 0.087622 0.003410 0.996148 78.372739
0.996590 0.000828 -0.082508 -5.238092 -0.000724 0.999999 0.001286 -1.375460 0.082509 -0.001222 0.996590 78.915960
0.997170 -0.002261 -0.075140 -5.275205 0.002695 0.999980 0.005670 -1.384213 0.075126 -0.005857 0.997157 79.413325
0.997871 -0.002684 -0.065170 -5.310756 0.002910 0.999990 0.003381 -1.392815 0.065160 -0.003564 0.997868 79.922974
0.998728 -0.003172 -0.050324 -5.338406 0.003052 0.999992 -0.002454 -1.403507 0.050331 0.002297 0.998730 80.421235
0.999461 -0.004325 -0.032555 -5.356603 0.004065 0.999959 -0.008057 -1.417582 0.032589 0.007921 0.999437 80.953124
0.999925 -0.005381 -0.011030 -5.351763 0.005313 0.999967 -0.006217 -1.431903 0.011064 0.006158 0.999920 81.450949
0.999856 -0.006364 0.015701 -5.326456 0.006406 0.999976 -0.002605 -1.444306 -0.015684 0.002706 0.999873 81.923925
0.998871 -0.008445 0.046750 -5.286719 0.008513 0.999963 -0.001253 -1.455411 -0.046738 0.001649 0.998906 82.381904
0.996723 -0.010924 0.080151 -5.230426 0.011000 0.999939 -0.000509 -1.466171 -0.080141 0.001389 0.996783 82.848905
0.992964 -0.011846 0.117819 -5.160455 0.011953 0.999929 -0.000203 -1.476543 -0.117808 0.001610 0.993035 83.305022
0.987234 -0.012757 0.158768 -5.076560 0.012952 0.999916 -0.000193 -1.486519 -0.158752 0.002247 0.987316 83.733836
0.978834 -0.013649 0.204198 -4.972365 0.013934 0.999903 0.000043 -1.496514 -0.204179 0.002803 0.978930 84.166612
0.967473 -0.012864 0.252648 -4.849023 0.013637 0.999906 -0.001308 -1.506675 -0.252608 0.004711 0.967557 84.578712
0.952195 -0.011704 0.305267 -4.694852 0.012594 0.999920 -0.000946 -1.516997 -0.305232 0.004746 0.952266 84.986321
0.933295 -0.011851 0.358915 -4.525948 0.012531 0.999921 0.000430 -1.526607 -0.358891 0.004097 0.933370 85.365411
0.909326 -0.011594 0.415924 -4.330653 0.012405 0.999923 0.000754 -1.535867 -0.415900 0.004474 0.909399 85.724520
0.880619 -0.011389 0.473688 -4.118660 0.012163 0.999925 0.001429 -1.544713 -0.473668 0.004503 0.880692 86.056155
0.847192 -0.012403 0.531142 -3.891720 0.011895 0.999920 0.004377 -1.552505 -0.531153 0.002610 0.847272 86.363189
0.809853 -0.013287 0.586483 -3.643411 0.011872 0.999910 0.006260 -1.559545 -0.586513 0.001893 0.809937 86.661272
0.770171 -0.016135 0.637633 -3.384914 0.013962 0.999867 0.008436 -1.565674 -0.637685 0.002405 0.770294 86.935149
0.726347 -0.017738 0.687100 -3.098285 0.016809 0.999826 0.008043 -1.571747 -0.687123 0.005708 0.726519 87.207004
0.680595 -0.019302 0.732405 -2.786246 0.017647 0.999795 0.009950 -1.577259 -0.732447 0.006153 0.680796 87.461198
0.633568 -0.021208 0.773396 -2.482695 0.016341 0.999768 0.014029 -1.581298 -0.773514 0.003750 0.633768 87.676470
0.586497 -0.025488 0.809550 -2.168748 0.016210 0.999674 0.019731 -1.583377 -0.809789 0.001550 0.586719 87.865986
0.540293 -0.024039 0.841133 -1.830971 0.015536 0.999706 0.018591 -1.585270 -0.841333 0.003023 0.540508 88.046286
0.492083 -0.020283 0.870312 -1.469824 0.015314 0.999776 0.014642 -1.588342 -0.870414 0.006123 0.492283 88.210730
0.445823 -0.018654 0.894927 -1.112544 0.014205 0.999804 0.013764 -1.592120 -0.895009 0.006576 0.446000 88.348028
0.402012 -0.024106 0.915317 -0.731629 0.013283 0.999702 0.020495 -1.594038 -0.915538 0.003919 0.402213 88.478248
0.362916 -0.038501 0.931026 -0.328014 0.016206 0.999256 0.035005 -1.590846 -0.931681 0.002385 0.363270 88.599765
0.328562 -0.044287 0.943444 0.048950 0.017419 0.999014 0.040829 -1.584675 -0.944322 0.003019 0.329009 88.707453
0.296435 -0.041205 0.954164 0.425825 0.014527 0.999148 0.038635 -1.578640 -0.954943 0.002409 0.296781 88.809094
0.265438 -0.028840 0.963697 0.827331 0.009742 0.999582 0.027231 -1.575665 -0.964079 0.002160 0.265608 88.901838
0.235381 -0.022770 0.971636 1.256170 0.007116 0.999739 0.021704 -1.575393 -0.971877 0.001805 0.235482 88.986209
0.208538 -0.023427 0.977734 1.646365 0.005648 0.999725 0.022750 -1.576001 -0.977998 0.000778 0.208613 89.053526
0.183596 -0.028939 0.982576 2.029599 0.003654 0.999580 0.028757 -1.574911 -0.982995 -0.001690 0.183625 89.104639
0.163863 -0.034758 0.985871 2.388952 -0.004190 0.999346 0.035929 -1.571666 -0.986474 -0.010019 0.163610 89.143824
0.143991 -0.035354 0.988947 2.785335 -0.012454 0.999218 0.037534 -1.566670 -0.989500 -0.017721 0.143438 89.186839
0.126588 -0.032838 0.991412 3.185384 -0.012822 0.999314 0.034737 -1.562152 -0.991872 -0.017109 0.126080 89.228158
0.110160 -0.031460 0.993416 3.632204 -0.008142 0.999437 0.032554 -1.557555 -0.993880 -0.011675 0.109842 89.268626
0.094871 -0.032362 0.994963 4.083390 -0.004743 0.999445 0.032960 -1.553085 -0.995478 -0.007846 0.094665 89.300147
0.081156 -0.034036 0.996120 4.561861 -0.002816 0.999405 0.034378 -1.547604 -0.996697 -0.005595 0.081012 89.328695
0.067821 -0.038390 0.996959 5.072215 -0.001836 0.999253 0.038603 -1.539989 -0.997696 -0.004448 0.067700 89.347994
0.057430 -0.041255 0.997497 5.575106 -0.002519 0.999137 0.041468 -1.530792 -0.998346 -0.004894 0.057277 89.362729
0.049627 -0.042945 0.997844 6.107952 -0.003381 0.999062 0.043166 -1.519480 -0.998762 -0.005515 0.049435 89.384019
0.043109 -0.044472 0.998080 6.632007 -0.003389 0.998997 0.044659 -1.507541 -0.999065 -0.005308 0.042915 89.403248
0.037253 -0.045964 0.998248 7.216282 -0.004321 0.998925 0.046156 -1.492912 -0.999296 -0.006032 0.037014 89.421685
0.031194 -0.046641 0.998425 7.856825 -0.004974 0.998891 0.046818 -1.475782 -0.999501 -0.006427 0.030928 89.438701
0.025771 -0.048362 0.998497 8.469980 -0.004640 0.998813 0.048497 -1.458840 -0.999657 -0.005883 0.025516 89.452234
0.023011 -0.049431 0.998512 9.056846 -0.004463 0.998762 0.049547 -1.441998 -0.999725 -0.005597 0.022762 89.461992
0.019323 -0.050070 0.998559 9.675716 -0.003819 0.998734 0.050153 -1.423457 -0.999806 -0.004783 0.019108 89.471752
0.015756 -0.051273 0.998560 10.368178 -0.003526 0.998675 0.051335 -1.401622 -0.999870 -0.004330 0.015554 89.480643
0.015252 -0.055770 0.998327 11.034469 -0.003025 0.998436 0.055822 -1.379017 -0.999879 -0.003871 0.015059 89.486865
0.015638 -0.058967 0.998138 11.718611 -0.002381 0.998254 0.059011 -1.352941 -0.999875 -0.003299 0.015471 89.497221
0.017409 -0.060576 0.998012 12.430142 -0.001836 0.998159 0.060617 -1.323893 -0.999847 -0.002887 0.017266 89.507193
0.022310 -0.061999 0.997827 13.150308 -0.001314 0.998073 0.062044 -1.293328 -0.999750 -0.002696 0.022186 89.520059
0.027120 -0.062412 0.997682 13.892903 -0.000329 0.998048 0.062444 -1.260887 -0.999632 -0.002021 0.027046 89.537957
0.031141 -0.064054 0.997460 14.688185 0.001526 0.997946 0.064038 -1.225204 -0.999514 -0.000472 0.031175 89.558719
0.036033 -0.064248 0.997283 15.456529 0.002960 0.997934 0.064183 -1.190029 -0.999346 0.000639 0.036149 89.583525
0.040967 -0.062325 0.997215 16.249239 0.005759 0.998051 0.062141 -1.154054 -0.999144 0.003197 0.041247 89.616623
0.045493 -0.061138 0.997092 17.088265 0.007086 0.998120 0.060877 -1.117208 -0.998939 0.004296 0.045841 89.655160
0.051038 -0.058522 0.996981 17.914142 0.006727 0.998279 0.058254 -1.082461 -0.998674 0.003733 0.051344 89.697747
0.055753 -0.055540 0.996899 18.719893 0.002525 0.998456 0.055486 -1.050890 -0.998441 -0.000577 0.055807 89.742923
0.059482 -0.050530 0.996950 19.515819 -0.002356 0.998708 0.050760 -1.022484 -0.998227 -0.005368 0.059286 89.794546
0.060854 -0.047550 0.997013 20.296568 -0.005447 0.998834 0.047969 -0.997874 -0.998132 -0.008350 0.060525 89.844338
0.061105 -0.044316 0.997147 21.107760 -0.005356 0.998985 0.044726 -0.974467 -0.998117 -0.008074 0.060806 89.896818
0.060718 -0.041768 0.997281 21.956375 -0.002890 0.999113 0.042021 -0.952363 -0.998151 -0.005434 0.060544 89.949895
0.060284 -0.042076 0.997294 22.733518 -0.001370 0.999107 0.042235 -0.933893 -0.998180 -0.003912 0.060173 89.994407
0.060230 -0.039763 0.997392 23.553024 0.000299 0.999207 0.039817 -0.914717 -0.998184 -0.002100 0.060194 90.044361
0.061352 -0.037766 0.997402 24.311212 0.000154 0.999284 0.037828 -0.899126 -0.998116 -0.002167 0.061314 90.088613
0.061488 -0.035263 0.997485 25.086012 -0.000543 0.999374 0.035364 -0.884677 -0.998108 -0.002717 0.061430 90.139892
0.060488 -0.031813 0.997662 25.897357 -0.001694 0.999487 0.031974 -0.871554 -0.998167 -0.003624 0.060403 90.194983
0.057834 -0.029089 0.997902 26.702697 -0.001997 0.999570 0.029253 -0.861086 -0.998324 -0.003684 0.057751 90.248831
0.053530 -0.027097 0.998199 27.470972 -0.000398 0.999631 0.027157 -0.853318 -0.998566 -0.001851 0.053499 90.293282
0.048506 -0.025668 0.998493 28.246871 0.002926 0.999669 0.025556 -0.846959 -0.998819 0.001682 0.048565 90.331129
0.042878 -0.024083 0.998790 29.054496 0.005462 0.999700 0.023870 -0.841462 -0.999065 0.004432 0.042996 90.366433
0.035885 -0.024870 0.999046 29.831636 0.005653 0.999679 0.024683 -0.836961 -0.999340 0.004762 0.036014 90.394794
0.026439 -0.024965 0.999339 30.611262 0.005086 0.999679 0.024839 -0.832025 -0.999637 0.004426 0.026558 90.416021
0.017291 -0.025015 0.999538 31.407649 0.004351 0.999679 0.024943 -0.826841 -0.999841 0.003917 0.017394 90.425707
0.004914 -0.025883 0.999653 32.244808 0.005507 0.999651 0.025856 -0.820865 -0.999973 0.005378 0.005055 90.424984
-0.006944 -0.025271 0.999657 33.107675 0.006894 0.999656 0.025319 -0.814225 -0.999952 0.007068 -0.006768 90.411433
-0.017968 -0.026476 0.999488 33.891803 0.007541 0.999617 0.026615 -0.808449 -0.999810 0.008015 -0.017761 90.391115
-0.029044 -0.026044 0.999239 34.666664 0.007899 0.999623 0.026284 -0.802231 -0.999547 0.008657 -0.028827 90.365664
-0.041043 -0.026007 0.998819 35.440159 0.007318 0.999627 0.026329 -0.796165 -0.999131 0.008390 -0.040838 90.333722
-0.051427 -0.025709 0.998346 36.212417 0.006224 0.999641 0.026063 -0.790153 -0.998657 0.007554 -0.051249 90.295695
-0.061825 -0.026220 0.997743 36.961473 0.004846 0.999635 0.026570 -0.784475 -0.998075 0.006477 -0.061676 90.244743
-0.072515 -0.026605 0.997013 37.770122 0.003974 0.999629 0.026963 -0.777643 -0.997359 0.005917 -0.072382 90.180647
-0.082734 -0.027778 0.996184 38.598389 0.003282 0.999598 0.028146 -0.770007 -0.996566 0.005598 -0.082610 90.104187
-0.091481 -0.027915 0.995416 39.373958 0.002898 0.999595 0.028299 -0.762445 -0.995803 0.005473 -0.091363 90.028309
-0.099912 -0.029036 0.994573 40.153314 0.003459 0.999558 0.029529 -0.754396 -0.994990 0.006391 -0.099767 89.942923
-0.107289 -0.030218 0.993769 40.884204 0.004249 0.999515 0.030851 -0.746088 -0.994219 0.007532 -0.107108 89.861735
-0.113126 -0.032343 0.993054 41.605539 0.005943 0.999430 0.033227 -0.736623 -0.993563 0.009660 -0.112870 89.779307
-0.117851 -0.034170 0.992443 42.342371 0.007855 0.999344 0.035341 -0.725195 -0.993000 0.011960 -0.117505 89.689427
-0.121290 -0.035211 0.991993 43.049963 0.009150 0.999289 0.036588 -0.713104 -0.992575 0.013514 -0.120881 89.598903
-0.124110 -0.035652 0.991628 43.722935 0.009503 0.999266 0.037116 -0.701149 -0.992223 0.014030 -0.123681 89.512076
-0.124037 -0.035595 0.991639 44.389780 0.009387 0.999270 0.037043 -0.689140 -0.992233 0.013904 -0.123612 89.428115
-0.124404 -0.036243 0.991570 45.087822 0.008529 0.999257 0.037594 -0.676255 -0.992195 0.013134 -0.124003 89.338184
-0.120637 -0.037319 0.991995 45.738051 0.007064 0.999236 0.038450 -0.664085 -0.992671 0.011646 -0.120282 89.257950
-0.115243 -0.037451 0.992631 46.298325 0.006796 0.999236 0.038489 -0.653903 -0.993314 0.011181 -0.114900 89.192136
-0.106196 -0.036937 0.993659 46.864399 0.006229 0.999265 0.037811 -0.643769 -0.994326 0.010205 -0.105888 89.130191
-0.094533 -0.036149 0.994865 47.394223 0.006211 0.999300 0.036900 -0.635015 -0.995502 0.009668 -0.094242 89.077761
-0.080480 -0.036229 0.996098 47.927883 0.006379 0.999300 0.036861 -0.626406 -0.996736 0.009321 -0.080193 89.032577
-0.062296 -0.036190 0.997401 48.469232 0.005414 0.999315 0.036597 -0.617717 -0.998043 0.007680 -0.062057 88.996512
-0.038060 -0.035931 0.998629 48.995835 0.003763 0.999341 0.036100 -0.609565 -0.999268 0.005132 -0.037899 88.977368
-0.012597 -0.035312 0.999297 49.496620 0.001212 0.999375 0.035330 -0.602360 -0.999920 0.001656 -0.012546 88.973000
0.017040 -0.034461 0.999261 49.994848 -0.000550 0.999405 0.034475 -0.595435 -0.999855 -0.001137 0.017011 88.996729
0.050996 -0.034442 0.998105 50.554796 0.000308 0.999406 0.034471 -0.587202 -0.998699 -0.001451 0.050977 89.043640
0.090227 -0.035154 0.995301 51.082710 0.003261 0.999382 0.035002 -0.579499 -0.995916 0.000087 0.090286 89.110822
0.133002 -0.035431 0.990482 51.608308 0.007704 0.999368 0.034715 -0.571757 -0.991086 0.003013 0.133190 89.203390
0.178129 -0.034668 0.983396 52.125578 0.012849 0.999376 0.032904 -0.564837 -0.983923 0.006775 0.178463 89.318168
0.226264 -0.033024 0.973506 52.618234 0.017390 0.999403 0.029860 -0.559761 -0.973911 0.010173 0.226703 89.458595
0.277445 -0.032644 0.960187 53.098775 0.019963 0.999403 0.028209 -0.556094 -0.960534 0.011341 0.277930 89.621758
0.332016 -0.033243 0.942688 53.578135 0.021197 0.999389 0.027777 -0.552878 -0.943036 0.010759 0.332517 89.816012
0.389182 -0.036376 0.920442 54.029285 0.021109 0.999310 0.030568 -0.549247 -0.920919 0.007533 0.389681 90.032303
0.448873 -0.037197 0.892821 54.450505 0.019072 0.999304 0.032045 -0.544925 -0.893392 0.002644 0.449271 90.265919
0.508483 -0.037018 0.860276 54.869494 0.016003 0.999309 0.033542 -0.539501 -0.860923 -0.003289 0.508724 90.540039
0.566303 -0.034623 0.823470 55.278114 0.014198 0.999379 0.032255 -0.533811 -0.824075 -0.006574 0.566443 90.846322
0.623800 -0.031702 0.780941 55.684089 0.013876 0.999469 0.029489 -0.528564 -0.781461 -0.007559 0.623909 91.202361
0.681974 -0.030895 0.730724 56.075920 0.013281 0.999466 0.029862 -0.523567 -0.731256 -0.010660 0.682020 91.600205
0.730876 -0.031851 0.681767 56.365579 0.014778 0.999415 0.030849 -0.519888 -0.682350 -0.012471 0.730919 91.951129
0.777087 -0.034852 0.628427 56.663731 0.020248 0.999333 0.030384 -0.515302 -0.629067 -0.010886 0.777275 92.358970
0.819186 -0.039742 0.572149 56.928433 0.027520 0.999171 0.030000 -0.511295 -0.572867 -0.008830 0.819601 92.776102
0.856166 -0.043500 0.514867 57.169039 0.033769 0.999030 0.028252 -0.507962 -0.515596 -0.006801 0.856805 93.222071
0.887005 -0.047153 0.459345 57.396973 0.039585 0.998875 0.026098 -0.505384 -0.460059 -0.004966 0.887874 93.704262
0.911870 -0.050113 0.407409 57.574544 0.044995 0.998742 0.022143 -0.505284 -0.408006 -0.001860 0.912977 94.147507
0.932266 -0.050533 0.358228 57.720261 0.047566 0.998722 0.017095 -0.507712 -0.358634 0.001102 0.933478 94.578956
0.947276 -0.049041 0.316643 57.860499 0.049147 0.998762 0.007657 -0.513607 -0.316626 0.008309 0.948514 95.057189
0.959228 -0.046284 0.278819 57.977149 0.047633 0.998863 0.001939 -0.523097 -0.278591 0.011421 0.960342 95.529130
0.968346 -0.044504 0.245614 58.075808 0.046311 0.998926 -0.001583 -0.534539 -0.245280 0.012908 0.969366 95.997595
0.974134 -0.045765 0.221287 58.171114 0.046360 0.998922 0.002507 -0.545827 -0.221163 0.007816 0.975206 96.502508
0.977988 -0.046704 0.203367 58.254151 0.046799 0.998895 0.004343 -0.554663 -0.203345 0.005270 0.979093 96.949326
0.980817 -0.045309 0.189591 58.354227 0.046303 0.998927 -0.000814 -0.565502 -0.189351 0.009577 0.981863 97.498889
0.982983 -0.043625 0.178443 58.442886 0.045643 0.998932 -0.007217 -0.579108 -0.177937 0.015239 0.983924 98.018352
0.984271 -0.041355 0.171759 58.535537 0.044498 0.998904 -0.014485 -0.596582 -0.170972 0.021900 0.985032 98.556540
0.984873 -0.036597 0.169370 58.623290 0.040632 0.998966 -0.020416 -0.617241 -0.168448 0.026989 0.985341 99.080009
0.985205 -0.035092 0.167750 58.721295 0.039356 0.998979 -0.022162 -0.641393 -0.166801 0.028436 0.985581 99.652590
0.984720 -0.032169 0.171149 58.811924 0.036172 0.999139 -0.020320 -0.663889 -0.170348 0.026200 0.985036 100.178636
0.984242 -0.026650 0.174808 58.911492 0.029947 0.999419 -0.016248 -0.685985 -0.174273 0.021227 0.984469 100.740563
0.983640 -0.021874 0.178812 59.014568 0.025013 0.999570 -0.015322 -0.707584 -0.178400 0.019544 0.983764 101.332097
0.982800 -0.021585 0.183409 59.115124 0.025405 0.999506 -0.018500 -0.730016 -0.182919 0.022842 0.982863 101.931777
0.981712 -0.024778 0.188755 59.222754 0.029568 0.999307 -0.022604 -0.754971 -0.188064 0.027772 0.981764 102.541843
0.980619 -0.029557 0.193683 59.344894 0.034150 0.999208 -0.020421 -0.781624 -0.192926 0.026639 0.980852 103.179365
0.979686 -0.035219 0.197421 59.472413 0.039474 0.999065 -0.017658 -0.807100 -0.196615 0.025093 0.980160 103.828356
0.978752 -0.039754 0.201157 59.603331 0.043909 0.998904 -0.016235 -0.830973 -0.200291 0.024722 0.979424 104.472088
0.978124 -0.042114 0.203714 59.731502 0.045488 0.998894 -0.011905 -0.852867 -0.202987 0.020911 0.978958 105.105833
0.977953 -0.040871 0.204788 59.855656 0.043586 0.999011 -0.008763 -0.872094 -0.204228 0.017495 0.978767 105.727036
0.978281 -0.035615 0.204200 59.976577 0.037732 0.999267 -0.006483 -0.889401 -0.203820 0.014047 0.978908 106.337408
0.978663 -0.028273 0.203518 60.111989 0.030728 0.999488 -0.008912 -0.908204 -0.203162 0.014975 0.979031 107.025758
0.979162 -0.023122 0.201762 60.240504 0.026066 0.999589 -0.011944 -0.927728 -0.201403 0.016955 0.979362 107.667084
0.979682 -0.027174 0.198709 60.374025 0.030448 0.999446 -0.013437 -0.949897 -0.198234 0.019214 0.979966 108.356846
0.979827 -0.034805 0.196792 60.511924 0.037723 0.999227 -0.011097 -0.972552 -0.196253 0.018297 0.980383 109.067957
0.980157 -0.040903 0.193959 60.653793 0.044627 0.998893 -0.014869 -0.996114 -0.193136 0.023230 0.980897 109.810686
0.980516 -0.040178 0.192286 60.797877 0.044661 0.998821 -0.019035 -1.022500 -0.191295 0.027252 0.981154 110.548768
0.981133 -0.035168 0.190109 60.956832 0.040488 0.998888 -0.024173 -1.054858 -0.189048 0.031414 0.981465 111.365045
0.981974 -0.030223 0.186584 61.102763 0.035580 0.999043 -0.025428 -1.088149 -0.185637 0.031609 0.982110 112.123031
0.982947 -0.028079 0.181731 61.252337 0.033467 0.999084 -0.026650 -1.124237 -0.180816 0.032278 0.982987 112.928923
0.983715 -0.029377 0.177317 61.415726 0.034661 0.999040 -0.026778 -1.164193 -0.176360 0.032488 0.983789 113.816459
0.984407 -0.031114 0.173131 61.578880 0.036085 0.999020 -0.025638 -1.204578 -0.172164 0.031486 0.984565 114.721792
0.984875 -0.033519 0.169993 61.728329 0.038462 0.998925 -0.025869 -1.242264 -0.168943 0.032017 0.985106 115.575417
0.985073 -0.035925 0.168345 61.870751 0.040952 0.998810 -0.026487 -1.279360 -0.167193 0.032986 0.985372 116.406163
0.985117 -0.037413 0.167762 62.022375 0.042178 0.998799 -0.024929 -1.318470 -0.166627 0.031634 0.985512 117.290412
0.985259 -0.039134 0.166530 62.164331 0.044134 0.998676 -0.026428 -1.355813 -0.165276 0.033388 0.985682 118.140569
0.985328 -0.037545 0.166493 62.305952 0.043225 0.998596 -0.030620 -1.396172 -0.165110 0.037367 0.985567 119.011675
0.985547 -0.033198 0.166120 62.431838 0.039823 0.998532 -0.036710 -1.437311 -0.164657 0.042795 0.985422 119.802355
0.985426 -0.030490 0.167350 62.557179 0.038562 0.998233 -0.045201 -1.484816 -0.165676 0.050996 0.984861 120.608355
0.985192 -0.030294 0.168757 62.692974 0.039624 0.997851 -0.052193 -1.541220 -0.166813 0.058107 0.984275 121.455948
0.984420 -0.031720 0.172949 62.839500 0.042041 0.997526 -0.056343 -1.604414 -0.170734 0.062736 0.983318 122.327968
0.983918 -0.031125 0.175887 62.999973 0.041634 0.997541 -0.056373 -1.672566 -0.173700 0.062790 0.982795 123.234748
0.983455 -0.029551 0.178728 63.156071 0.040054 0.997658 -0.055445 -1.737218 -0.176671 0.061686 0.982335 124.094979
0.983157 -0.031510 0.180025 63.329890 0.040677 0.998045 -0.047459 -1.803068 -0.178177 0.053983 0.982517 125.014803
0.982999 -0.032100 0.180785 63.498375 0.040859 0.998154 -0.044937 -1.863058 -0.179008 0.051560 0.982496 125.933905
0.982801 -0.032651 0.181760 63.662468 0.041233 0.998196 -0.043634 -1.919395 -0.180008 0.050378 0.982374 126.824988
0.982570 -0.034189 0.182723 63.825774 0.043510 0.997935 -0.047244 -1.976201 -0.180731 0.054371 0.982029 127.719462
0.982210 -0.039171 0.183658 63.979120 0.049217 0.997513 -0.050460 -2.032401 -0.181224 0.058602 0.981694 128.552381
0.981945 -0.043289 0.184147 64.135245 0.054277 0.997007 -0.055051 -2.093125 -0.181212 0.064052 0.981356 129.405674
0.981909 -0.038009 0.185498 64.300023 0.048693 0.997386 -0.053385 -2.156360 -0.182984 0.061452 0.981193 130.264438
0.982211 -0.025754 0.186008 64.459137 0.035072 0.998280 -0.046980 -2.213429 -0.184478 0.052668 0.981424 131.073242
0.982584 -0.017094 0.185033 64.633875 0.024923 0.998886 -0.040066 -2.269657 -0.184142 0.043980 0.981915 131.957401
0.982581 -0.025400 0.184091 64.796773 0.033237 0.998662 -0.039611 -2.320316 -0.182838 0.045040 0.982111 132.821816
0.982172 -0.045432 0.182414 64.981868 0.053533 0.997775 -0.039730 -2.379086 -0.180203 0.048787 0.982419 133.843857
0.981565 -0.060081 0.181438 65.139493 0.068089 0.996946 -0.038232 -2.428039 -0.178587 0.049881 0.982659 134.689535
0.982067 -0.055966 0.180037 65.276209 0.064022 0.997177 -0.039246 -2.473408 -0.177332 0.050068 0.982877 135.467127
0.983323 -0.039983 0.177418 65.420236 0.048574 0.997835 -0.044341 -2.523570 -0.175261 0.052220 0.983136 136.295716
0.983742 -0.031908 0.176733 65.561583 0.040123 0.998265 -0.043103 -2.573775 -0.175051 0.049493 0.983315 137.088705
0.984418 -0.032706 0.172774 65.689075 0.040166 0.998398 -0.039859 -2.619680 -0.171193 0.046178 0.984155 137.835495
0.984944 -0.035224 0.169248 65.819949 0.042406 0.998339 -0.039010 -2.666346 -0.167593 0.045600 0.984801 138.629751
0.985641 -0.034039 0.165388 65.948893 0.040883 0.998435 -0.038157 -2.712936 -0.163830 0.044371 0.985490 139.434734
0.986382 -0.032042 0.161318 66.072940 0.038970 0.998441 -0.039965 -2.759015 -0.159786 0.045707 0.986093 140.228919
0.986964 -0.031413 0.157844 66.201407 0.039024 0.998209 -0.045349 -2.809626 -0.156137 0.050918 0.986422 141.062439
0.987346 -0.029872 0.155740 66.328010 0.038423 0.997898 -0.052187 -2.864804 -0.153854 0.057511 0.986419 141.889519
0.987428 -0.031482 0.154900 66.459598 0.040506 0.997640 -0.055449 -2.926477 -0.152788 0.061026 0.986373 142.744831
0.987539 -0.036598 0.153057 66.583110 0.045420 0.997478 -0.054543 -2.986189 -0.150675 0.060815 0.986711 143.549164
0.987710 -0.037517 0.151726 66.708062 0.046214 0.997460 -0.054209 -3.047089 -0.149306 0.060555 0.986935 144.378284
0.988310 -0.036033 0.148141 66.823920 0.044269 0.997629 -0.052685 -3.103775 -0.145891 0.058627 0.987562 145.154811
0.988996 -0.034089 0.143962 66.937195 0.041535 0.997933 -0.049041 -3.157913 -0.141993 0.054481 0.988367 145.921370
0.989928 -0.032769 0.137724 67.052752 0.039308 0.998212 -0.045030 -3.212342 -0.136002 0.049990 0.989447 146.739998
0.990726 -0.037552 0.130580 67.156082 0.043543 0.998111 -0.043334 -3.261309 -0.128706 0.048618 0.990490 147.512651
0.991074 -0.046710 0.124864 67.258420 0.052531 0.997661 -0.043736 -3.312029 -0.122529 0.049905 0.991209 148.329584
0.991086 -0.056953 0.120435 67.360292 0.063053 0.996881 -0.047459 -3.365752 -0.117357 0.054629 0.991586 149.176371
0.991275 -0.060639 0.117035 67.451242 0.067614 0.996106 -0.056573 -3.422502 -0.113149 0.063992 0.991515 149.990996
0.992089 -0.055000 0.112847 67.545308 0.062076 0.996256 -0.060177 -3.486819 -0.109114 0.066706 0.991788 150.829705
0.993392 -0.045007 0.105574 67.628117 0.051517 0.996882 -0.059769 -3.548769 -0.102555 0.064813 0.992614 151.610688
0.994208 -0.038869 0.100196 67.711746 0.044721 0.997381 -0.056837 -3.613106 -0.097724 0.060989 0.993343 152.440736
0.994841 -0.039828 0.093304 67.791903 0.045141 0.997436 -0.055534 -3.677423 -0.090853 0.059460 0.994088 153.300418
0.995346 -0.042620 0.086427 67.859037 0.048131 0.996870 -0.062723 -3.740121 -0.083483 0.066591 0.994282 154.116744
0.996101 -0.041335 0.077935 67.922003 0.046726 0.996544 -0.068671 -3.810410 -0.074827 0.072045 0.994591 154.959141
0.997112 -0.035288 0.067245 67.980051 0.040071 0.996660 -0.071156 -3.884602 -0.064509 0.073645 0.995196 155.800628
0.997769 -0.032802 0.058151 68.030802 0.036837 0.996885 -0.069739 -3.959692 -0.055682 0.071725 0.995869 156.642849
0.998200 -0.034049 0.049365 68.066462 0.037505 0.996780 -0.070869 -4.027094 -0.046793 0.072593 0.996263 157.398449
0.998361 -0.040299 0.040628 68.093261 0.043285 0.996204 -0.075528 -4.103458 -0.037430 0.077163 0.996316 158.237596
0.998428 -0.045762 0.032367 68.113778 0.048195 0.995718 -0.078881 -4.185651 -0.028619 0.080317 0.996358 159.101446
0.998509 -0.048958 0.024141 68.130630 0.050732 0.995550 -0.079412 -4.267863 -0.020146 0.080518 0.996550 159.943195
0.998574 -0.050413 0.017550 68.144026 0.051651 0.995515 -0.079262 -4.351623 -0.013475 0.080055 0.996699 160.799522
0.998716 -0.049284 0.011761 68.160340 0.050050 0.995729 -0.077580 -4.435350 -0.007887 0.078069 0.996917 161.664625
0.999008 -0.043951 0.007108 68.162814 0.044385 0.995675 -0.081617 -4.519469 -0.003490 0.081851 0.996638 162.527934
0.999295 -0.037386 0.003294 68.165245 0.037531 0.995366 -0.088528 -4.605615 0.000031 0.088589 0.996068 163.367855
0.999441 -0.033430 0.000490 68.163804 0.033339 0.995425 -0.089542 -4.693227 0.002506 0.089508 0.995983 164.181741
0.999188 -0.040218 -0.002494 68.155410 0.039823 0.995025 -0.091317 -4.784355 0.006154 0.091143 0.995819 165.019958
0.998720 -0.050388 -0.004333 68.146158 0.049758 0.994315 -0.094138 -4.876892 0.009052 0.093802 0.995550 165.854378
0.998242 -0.058888 -0.006764 68.138243 0.057972 0.993714 -0.095772 -4.971607 0.012361 0.095211 0.995380 166.690231
0.998333 -0.056387 -0.012284 68.128280 0.055009 0.994161 -0.092832 -5.066746 0.017447 0.092002 0.995606 167.528585
0.998734 -0.047293 -0.017134 68.118568 0.045739 0.995588 -0.081927 -5.156307 0.020933 0.081039 0.996491 168.361247
0.998881 -0.040348 -0.024663 68.092651 0.038355 0.996327 -0.076564 -5.238298 0.027662 0.075533 0.996760 169.190212
0.998655 -0.041674 -0.030834 68.058932 0.039080 0.995996 -0.080404 -5.314329 0.034061 0.079091 0.996285 169.973606
0.998117 -0.047609 -0.038681 68.021643 0.044421 0.995846 -0.079479 -5.391945 0.042304 0.077612 0.996086 170.756936
0.997561 -0.050970 -0.047687 67.971528 0.047276 0.996015 -0.075624 -5.472278 0.051352 0.073185 0.995995 171.583919
0.997000 -0.054187 -0.055264 67.920336 0.050305 0.996322 -0.069360 -5.546856 0.058819 0.066372 0.996060 172.391425
0.996605 -0.054933 -0.061324 67.866192 0.050770 0.996427 -0.067493 -5.616729 0.064813 0.064150 0.995833 173.188184
0.996389 -0.048565 -0.069649 67.803567 0.044159 0.997007 -0.063462 -5.687010 0.072522 0.060157 0.995551 174.014507
0.996351 -0.036959 -0.076929 67.738367 0.032630 0.997853 -0.056790 -5.752943 0.078863 0.054072 0.995418 174.839531
0.995987 -0.029869 -0.084365 67.673167 0.026117 0.998635 -0.045234 -5.809063 0.085601 0.042849 0.995408 175.626514
0.995103 -0.038198 -0.091168 67.582182 0.033790 0.998207 -0.049414 -5.869027 0.092892 0.046091 0.994609 176.558191
0.993936 -0.052827 -0.096436 67.483912 0.047132 0.997061 -0.060406 -5.934222 0.099344 0.055495 0.993505 177.476781
0.992908 -0.061440 -0.101781 67.384576 0.054703 0.996204 -0.067717 -6.008140 0.105555 0.061669 0.992499 178.387533
0.992640 -0.059618 -0.105410 67.298796 0.052480 0.996219 -0.069241 -6.074428 0.109140 0.063200 0.992015 179.140399
0.992953 -0.049548 -0.107651 67.201797 0.042010 0.996577 -0.071195 -6.149539 0.110810 0.066171 0.991636 179.983456
0.993050 -0.041275 -0.110217 67.091518 0.032172 0.996019 -0.083133 -6.233314 0.113209 0.079010 0.990425 180.872640
0.993077 -0.037123 -0.111447 67.000771 0.027963 0.996186 -0.082657 -6.314567 0.114090 0.078968 0.990327 181.666626
0.992607 -0.041170 -0.114177 66.897260 0.032537 0.996541 -0.076462 -6.402145 0.116930 0.072182 0.990514 182.548159
0.992138 -0.050446 -0.114534 66.790880 0.041863 0.996218 -0.076143 -6.485288 0.117942 0.070749 0.990497 183.422604
0.991975 -0.055638 -0.113533 66.686447 0.047153 0.995985 -0.076098 -6.566705 0.117311 0.070134 0.990616 184.278861
0.991811 -0.054824 -0.115351 66.587002 0.046398 0.996141 -0.074504 -6.644834 0.118991 0.068542 0.990527 185.103610
0.992050 -0.046860 -0.116792 66.482447 0.038531 0.996618 -0.072579 -6.724567 0.119798 0.067502 0.990501 185.961878
0.992617 -0.034590 -0.116258 66.379227 0.027047 0.997463 -0.065842 -6.802990 0.118241 0.062212 0.991034 186.842361
0.992497 -0.029370 -0.118686 66.275477 0.022812 0.998156 -0.056243 -6.872792 0.120120 0.053113 0.991338 187.701106
0.992276 -0.033909 -0.119328 66.159417 0.027141 0.997954 -0.057898 -6.938900 0.121047 0.054212 0.991165 188.579168
0.991702 -0.044609 -0.120572 66.047369 0.037137 0.997289 -0.063529 -7.005733 0.123079 0.058524 0.990670 189.430827
0.991290 -0.049376 -0.122093 65.935522 0.041536 0.996959 -0.065940 -7.076587 0.124977 0.060295 0.990326 190.282013
0.991275 -0.046966 -0.123155 65.831018 0.038975 0.997024 -0.066511 -7.144601 0.125912 0.061131 0.990156 191.077258
0.991518 -0.038904 -0.124014 65.719247 0.030926 0.997365 -0.065623 -7.217899 0.126240 0.061231 0.990108 191.938149
0.991234 -0.040839 -0.125645 65.596751 0.031746 0.996787 -0.073543 -7.293826 0.128245 0.068910 0.989346 192.808245
0.990980 -0.045157 -0.126170 65.487760 0.035636 0.996415 -0.076725 -7.367609 0.129183 0.071537 0.989037 193.590450
0.990761 -0.049059 -0.126434 65.379324 0.039040 0.995987 -0.080536 -7.446520 0.129877 0.074856 0.988700 194.400138
0.990446 -0.052571 -0.127485 65.270801 0.041840 0.995464 -0.085443 -7.528430 0.131399 0.079292 0.988153 195.204347
0.990293 -0.053762 -0.128174 65.157028 0.042359 0.995032 -0.090095 -7.616092 0.132381 0.083791 0.987651 196.025172
0.990551 -0.052532 -0.126685 65.053112 0.041206 0.995050 -0.090427 -7.704215 0.130808 0.084352 0.987813 196.827654
0.990617 -0.047625 -0.128103 64.955267 0.035823 0.995030 -0.092904 -7.788719 0.131891 0.087444 0.987400 197.586641
0.990691 -0.046981 -0.127765 64.853207 0.035062 0.994956 -0.093986 -7.874687 0.131537 0.088632 0.987341 198.344316
0.991191 -0.046615 -0.123962 64.743703 0.034900 0.994861 -0.095050 -7.967830 0.127755 0.089887 0.987724 199.160394
0.991684 -0.045995 -0.120198 64.647510 0.034581 0.994841 -0.095373 -8.059191 0.123964 0.090423 0.988158 199.956734
0.992120 -0.045145 -0.116878 64.559913 0.034170 0.994961 -0.094261 -8.149518 0.120544 0.089524 0.988663 200.746833
