1.000000 0.000000 0.000000 0.000000 0.000000 1.000000 0.000000 0.000000 0.000000 0.000000 1.000000 0.000000
0.999999 -0.001091 -0.000139 -0.006409 0.001091 0.999999 0.000553 -0.019133 0.000138 -0.000553 1.000000 1.246890
0.999999 -0.001666 0.000215 -0.014304 0.001666 0.999997 0.001912 -0.037857 -0.000218 -0.001912 0.999998 2.542752
1.000000 -0.000199 0.000096 -0.016599 0.000199 0.999993 0.003782 -0.054713 -0.000097 -0.003782 0.999993 3.837010
1.000000 -0.000530 -0.000308 -0.023472 0.000532 0.999988 0.004835 -0.069944 0.000306 -0.004835 0.999988 5.203919
0.999999 -0.001297 -0.000641 -0.030166 0.001301 0.999982 0.005810 -0.083738 0.000634 -0.005811 0.999983 6.565893
0.999997 -0.002577 0.000410 -0.037078 0.002573 0.999967 0.007721 -0.095944 -0.000430 -0.007720 0.999970 7.936279
0.999995 -0.002913 0.000817 -0.042288 0.002907 0.999966 0.007772 -0.105750 -0.000840 -0.007769 0.999969 9.210202
0.999999 -0.001032 0.000659 -0.046761 0.001027 0.999972 0.007387 -0.115615 -0.000666 -0.007387 0.999972 10.476690
0.999998 0.001541 0.001220 -0.053475 -0.001547 0.999987 0.004913 -0.126144 -0.001212 -0.004915 0.999987 11.639767
0.999995 0.002502 0.001791 -0.059228 -0.002506 0.999995 0.001802 -0.140791 -0.001787 -0.001806 0.999997 12.948946
0.999994 0.002919 0.001925 -0.063573 -0.002917 0.999995 -0.000745 -0.159430 -0.001927 0.000740 0.999998 14.267670
0.999997 0.002062 0.001630 -0.071294 -0.002059 0.999996 -0.001881 -0.180910 -0.001634 0.001877 0.999997 15.588400
0.999996 -0.000242 0.002697 -0.075465 0.000241 1.000000 0.000331 -0.202465 -0.002697 -0.000331 0.999996 16.882978
0.999993 -0.002573 0.002807 -0.078204 0.002563 0.999990 0.003601 -0.220864 -0.002816 -0.003594 0.999990 18.180727
0.999997 -0.000291 0.002345 -0.080274 0.000275 0.999978 0.006597 -0.234659 -0.002347 -0.006596 0.999975 19.419193
0.999995 0.002159 0.002444 -0.083091 -0.002176 0.999972 0.007091 -0.245597 -0.002429 -0.007097 0.999972 20.665262
0.999991 0.002734 0.003338 -0.087097 -0.002749 0.999986 0.004442 -0.257280 -0.003326 -0.004451 0.999985 21.982981
0.999990 0.001502 0.004252 -0.088607 -0.001506 0.999998 0.001047 -0.272718 -0.004251 -0.001054 0.999990 23.300555
0.999985 -0.002290 0.004957 -0.090136 0.002296 0.999997 -0.001188 -0.292205 -0.004955 0.001199 0.999987 24.616493
0.999983 -0.002967 0.005055 -0.087140 0.002960 0.999995 0.001315 -0.313715 -0.005059 -0.001300 0.999986 25.975718
0.999986 -0.001568 0.005141 -0.086831 0.001541 0.999985 0.005280 -0.331041 -0.005149 -0.005272 0.999973 27.309293
0.999983 0.001160 0.005710 -0.085032 -0.001196 0.999980 0.006186 -0.343980 -0.005703 -0.006193 0.999965 28.623821
0.999976 0.004029 0.005712 -0.084680 -0.004077 0.999955 0.008527 -0.355375 -0.005677 -0.008550 0.999947 29.968199
0.999974 0.004478 0.005719 -0.085492 -0.004512 0.999972 0.005893 -0.365216 -0.005692 -0.005918 0.999966 31.308284
0.999963 0.006831 0.005311 -0.086040 -0.006867 0.999954 0.006653 -0.377483 -0.005265 -0.006689 0.999964 32.650867
0.999963 0.006973 0.005108 -0.088883 -0.007006 0.999954 0.006561 -0.389300 -0.005062 -0.006597 0.999965 34.060299
0.999977 0.005031 0.004636 -0.091762 -0.005065 0.999960 0.007434 -0.400737 -0.004598 -0.007457 0.999962 35.435189
0.999986 0.003653 0.003919 -0.094743 -0.003680 0.999969 0.006931 -0.411222 -0.003893 -0.006946 0.999968 36.755579
0.999986 0.003373 0.004023 -0.097266 -0.003391 0.999985 0.004348 -0.422953 -0.004008 -0.004362 0.999982 38.048567
0.999988 0.003491 0.003579 -0.099409 -0.003499 0.999992 0.002068 -0.438198 -0.003572 -0.002080 0.999991 39.375363
0.999989 0.002955 0.003606 -0.101357 -0.002956 0.999996 0.000231 -0.456897 -0.003605 -0.000242 0.999993 40.760274
0.999989 0.002879 0.003646 -0.103798 -0.002875 0.999995 -0.001020 -0.477725 -0.003649 0.001009 0.999993 42.127471
0.999990 0.003467 0.002712 -0.106560 -0.003469 0.999994 0.000614 -0.498297 -0.002710 -0.000623 0.999996 43.416451
0.999990 0.004203 0.001191 -0.111350 -0.004205 0.999989 0.001897 -0.517860 -0.001183 -0.001902 0.999997 44.792713
0.999994 0.003531 0.000079 -0.118780 -0.003531 0.999991 0.002513 -0.535805 -0.000070 -0.002513 0.999997 46.164174
0.999995 0.003139 -0.000638 -0.127150 -0.003138 0.999993 0.002216 -0.553529 0.000645 -0.002214 0.999997 47.566612
0.999993 0.003353 -0.001529 -0.134002 -0.003351 0.999993 0.001677 -0.571467 0.001534 -0.001672 0.999997 48.935821
0.999990 0.003483 -0.002809 -0.141119 -0.003479 0.999993 0.001529 -0.589462 0.002814 -0.001519 0.999995 50.250291
0.999991 0.002186 -0.003624 -0.148836 -0.002178 0.999995 0.002205 -0.607916 0.003629 -0.002197 0.999991 51.615079
0.999987 0.001116 -0.005073 -0.156482 -0.001098 0.999993 0.003541 -0.628244 0.005077 -0.003536 0.999981 53.282808
0.999983 0.000443 -0.005785 -0.165443 -0.000415 0.999988 0.004819 -0.644429 0.005787 -0.004817 0.999972 54.721399
0.999980 0.000995 -0.006228 -0.174307 -0.000954 0.999978 0.006572 -0.658233 0.006235 -0.006566 0.999959 56.105131
0.999981 0.001007 -0.006038 -0.182594 -0.000963 0.999973 0.007304 -0.670182 0.006045 -0.007298 0.999955 57.526776
0.999982 0.000649 -0.005890 -0.192068 -0.000604 0.999970 0.007694 -0.680945 0.005895 -0.007690 0.999953 58.900643
0.999985 -0.000155 -0.005469 -0.200853 0.000205 0.999959 0.009015 -0.690817 0.005467 -0.009016 0.999944 60.261721
0.999987 0.000108 -0.005136 -0.208987 -0.000054 0.999945 0.010514 -0.698769 0.005137 -0.010513 0.999932 61.601453
0.999989 0.001005 -0.004645 -0.220101 -0.000950 0.999928 0.011972 -0.704702 0.004657 -0.011967 0.999918 62.961912
0.999992 0.001226 -0.003812 -0.231092 -0.001180 0.999927 0.012020 -0.709111 0.003826 -0.012015 0.999920 64.306515
0.999994 0.001716 -0.003124 -0.245841 -0.001685 0.999948 0.010013 -0.714049 0.003141 -0.010008 0.999945 65.660124
0.999997 0.001042 -0.002299 -0.260123 -0.001026 0.999974 0.007140 -0.721984 0.002306 -0.007138 0.999972 67.020811
0.999998 -0.000071 -0.001931 -0.274201 0.000077 0.999995 0.003285 -0.734122 0.001931 -0.003285 0.999993 68.377380
0.999999 -0.000544 -0.001340 -0.286311 0.000544 1.000000 -0.000110 -0.751831 0.001340 0.000109 0.999999 69.785811
0.999999 -0.000494 -0.000935 -0.299666 0.000490 0.999990 -0.004378 -0.774026 0.000938 0.004378 0.999990 71.147822
1.000000 0.000071 -0.000438 -0.311011 -0.000074 0.999974 -0.007195 -0.801081 0.000437 0.007195 0.999974 72.480247
1.000000 0.000253 0.000048 -0.319638 -0.000252 0.999959 -0.009062 -0.831708 -0.000050 0.009062 0.999959 73.817659
1.000000 0.000081 0.000291 -0.326899 -0.000078 0.999956 -0.009403 -0.864430 -0.000291 0.009403 0.999956 75.159778
1.000000 0.000091 0.000448 -0.332745 -0.000088 0.999968 -0.008042 -0.897044 -0.000449 0.008041 0.999968 76.501000
0.999999 0.000941 0.000607 -0.340124 -0.000937 0.999973 -0.007308 -0.928228 -0.000614 0.007307 0.999973 77.852995
1.000000 0.000788 0.000542 -0.347796 -0.000784 0.999976 -0.006933 -0.958528 -0.000547 0.006933 0.999976 79.205209
1.000000 0.000532 0.000738 -0.353249 -0.000527 0.999977 -0.006722 -0.988556 -0.000742 0.006721 0.999977 80.565137
1.000000 0.000590 0.000368 -0.360670 -0.000588 0.999979 -0.006384 -1.018657 -0.000372 0.006384 0.999980 81.947871
1.000000 0.000423 -0.000074 -0.367801 -0.000424 0.999980 -0.006313 -1.048022 0.000071 0.006313 0.999980 83.310602
1.000000 -0.000454 -0.000169 -0.374300 0.000454 0.999989 -0.004632 -1.076075 0.000171 0.004632 0.999989 84.635755
0.999999 -0.001667 -0.000136 -0.381147 0.001667 0.999996 -0.002278 -1.101036 0.000140 0.002278 0.999997 85.922540
0.999997 -0.002486 -0.000653 -0.388081 0.002486 0.999997 -0.000249 -1.123624 0.000653 0.000247 1.000000 87.246657
0.999996 -0.002713 -0.000775 -0.395865 0.002714 0.999995 0.001619 -1.144008 0.000770 -0.001621 0.999998 88.605448
0.999997 -0.002290 -0.001036 -0.404694 0.002293 0.999993 0.002929 -1.161752 0.001029 -0.002932 0.999995 89.937204
0.999996 -0.002213 -0.001641 -0.415113 0.002220 0.999988 0.004281 -1.177553 0.001632 -0.004285 0.999989 91.251335
0.999996 -0.001865 -0.002004 -0.428059 0.001874 0.999989 0.004258 -1.191997 0.001996 -0.004262 0.999989 92.563179
0.999996 -0.001822 -0.002062 -0.441845 0.001832 0.999988 0.004520 -1.206647 0.002054 -0.004523 0.999988 93.910877
0.999997 -0.001444 -0.001934 -0.458848 0.001452 0.999990 0.004139 -1.220894 0.001928 -0.004142 0.999990 95.228637
0.999997 -0.001388 -0.001766 -0.472871 0.001394 0.999994 0.003264 -1.236094 0.001761 -0.003267 0.999993 96.578389
0.999995 -0.002972 -0.001227 -0.484416 0.002976 0.999991 0.002878 -1.252009 0.001218 -0.002882 0.999995 97.891450
0.999991 -0.004124 -0.001042 -0.495281 0.004126 0.999990 0.001947 -1.268851 0.001034 -0.001951 0.999998 99.228101
0.999995 -0.003091 -0.001116 -0.506179 0.003094 0.999992 0.002482 -1.286382 0.001108 -0.002486 0.999996 100.556809
0.999999 -0.000543 -0.000942 -0.515819 0.000545 0.999998 0.001954 -1.302886 0.000941 -0.001954 0.999998 101.814703
0.999999 0.000993 -0.001253 -0.526141 -0.000990 0.999997 0.002153 -1.320508 0.001255 -0.002152 0.999997 103.144996
0.999999 -0.000426 -0.001084 -0.534869 0.000430 0.999990 0.004443 -1.337399 0.001082 -0.004443 0.999990 104.498166
0.999997 -0.002339 -0.001047 -0.542860 0.002345 0.999977 0.006411 -1.351044 0.001032 -0.006413 0.999979 105.815173
0.999995 -0.003162 -0.000785 -0.549622 0.003168 0.999966 0.007618 -1.362591 0.000761 -0.007620 0.999971 107.168870
0.999998 -0.001864 0.000263 -0.555465 0.001862 0.999970 0.007532 -1.372762 -0.000277 -0.007532 0.999972 108.480091
0.999999 0.000734 0.001140 -0.566634 -0.000740 0.999986 0.005315 -1.383677 -0.001136 -0.005315 0.999985 109.796327
0.999994 0.002877 0.001856 -0.572664 -0.002883 0.999991 0.003006 -1.397582 -0.001847 -0.003011 0.999994 111.112842
0.999988 0.003082 0.003837 -0.578179 -0.003081 0.999995 -0.000416 -1.414774 -0.003839 0.000404 0.999993 112.420038
0.999985 0.001423 0.005303 -0.579494 -0.001415 0.999998 -0.001497 -1.435301 -0.005305 0.001489 0.999985 113.696866
0.999976 -0.000962 0.006801 -0.577749 0.000972 0.999999 -0.001419 -1.456872 -0.006799 0.001425 0.999976 114.974743
0.999970 -0.001138 0.007726 -0.575376 0.001142 0.999999 -0.000580 -1.477941 -0.007725 0.000589 0.999970 116.241266
0.999959 -0.000574 0.008999 -0.574355 0.000581 0.999999 -0.000820 -1.498489 -0.008998 0.000825 0.999959 117.525903
0.999941 -0.000256 0.010894 -0.570835 0.000284 0.999997 -0.002520 -1.520168 -0.010893 0.002523 0.999937 118.835864
0.999918 -0.000072 0.012767 -0.566418 0.000133 0.999988 -0.004848 -1.544827 -0.012767 0.004849 0.999907 120.185874
0.999899 0.000871 0.014180 -0.557583 -0.000798 0.999987 -0.005097 -1.571558 -0.014184 0.005085 0.999886 121.511040
0.999881 0.001186 0.015402 -0.546533 -0.001091 0.999980 -0.006224 -1.598828 -0.015409 0.006206 0.999862 122.831388
0.999857 0.001207 0.016892 -0.531526 -0.001126 0.999988 -0.004844 -1.627014 -0.016898 0.004824 0.999846 124.164274
0.999840 0.000123 0.017914 -0.515186 -0.000049 0.999991 -0.004136 -1.653117 -0.017915 0.004134 0.999831 125.469850
0.999817 -0.001236 0.019107 -0.496308 0.001305 0.999993 -0.003606 -1.678654 -0.019103 0.003631 0.999811 126.792741
0.999812 -0.001277 0.019362 -0.477722 0.001321 0.999997 -0.002259 -1.702737 -0.019359 0.002284 0.999810 128.085190
0.999805 -0.001229 0.019707 -0.458046 0.001240 0.999999 -0.000536 -1.724793 -0.019706 0.000561 0.999806 129.365077
0.999798 -0.001503 0.020039 -0.438637 0.001475 0.999998 0.001406 -1.744736 -0.020041 -0.001376 0.999798 130.659151
0.999793 -0.001327 0.020326 -0.418824 0.001273 0.999996 0.002661 -1.762601 -0.020330 -0.002634 0.999790 131.973126
0.999791 -0.001139 0.020418 -0.400062 0.001058 0.999991 0.003993 -1.778739 -0.020422 -0.003970 0.999784 133.283881
0.999791 -0.002162 0.020328 -0.382869 0.002054 0.999984 0.005298 -1.793139 -0.020340 -0.005255 0.999779 134.598190
0.999795 -0.002090 0.020140 -0.364877 0.001948 0.999973 0.007092 -1.805567 -0.020154 -0.007051 0.999772 135.893661
0.999798 -0.001935 0.020006 -0.346314 0.001775 0.999966 0.008003 -1.816083 -0.020021 -0.007966 0.999768 137.213553
0.999804 -0.001401 0.019767 -0.331956 0.001240 0.999966 0.008143 -1.825650 -0.019778 -0.008117 0.999771 138.546434
0.999816 -0.000814 0.019160 -0.315527 0.000672 0.999972 0.007413 -1.835160 -0.019166 -0.007399 0.999789 139.827301
0.999833 0.001868 0.018184 -0.295579 -0.002045 0.999950 0.009760 -1.844753 -0.018164 -0.009795 0.999787 141.132012
0.999853 0.002385 0.016957 -0.273734 -0.002630 0.999892 0.014428 -1.850680 -0.016921 -0.014470 0.999752 142.500998
0.999871 -0.000035 0.016087 -0.253361 -0.000314 0.999765 0.021672 -1.849495 -0.016084 -0.021674 0.999636 143.814570
0.999886 -0.001768 0.015028 -0.234821 0.001338 0.999591 0.028576 -1.838946 -0.015072 -0.028553 0.999479 145.123736
0.999896 0.000768 0.014436 -0.221650 -0.001213 0.999524 0.030818 -1.820514 -0.014405 -0.030832 0.999421 146.453457
0.999872 0.004340 0.015404 -0.210448 -0.004811 0.999517 0.030698 -1.800610 -0.015263 -0.030768 0.999410 147.742952
0.999853 0.006562 0.015855 -0.199259 -0.006994 0.999601 0.027355 -1.781288 -0.015670 -0.027462 0.999500 149.064090
0.999840 0.006790 0.016526 -0.185852 -0.007236 0.999607 0.027066 -1.765793 -0.016336 -0.027181 0.999497 150.358684
0.999846 0.003906 0.017099 -0.170179 -0.004407 0.999560 0.029342 -1.750229 -0.016977 -0.029413 0.999423 151.627261
0.999844 0.001000 0.017631 -0.153359 -0.001602 0.999415 0.034175 -1.731290 -0.017587 -0.034198 0.999260 152.876514
0.999837 -0.000228 0.018075 -0.137080 -0.000462 0.999272 0.038153 -1.707035 -0.018070 -0.038155 0.999108 154.106194
0.999836 -0.000671 0.018125 -0.122649 -0.000053 0.999204 0.039900 -1.678489 -0.018137 -0.039895 0.999039 155.340201
0.999820 -0.001139 0.018927 -0.111458 0.000422 0.999284 0.037832 -1.648218 -0.018957 -0.037817 0.999105 156.601880
0.999802 -0.000005 0.019876 -0.098928 -0.000678 0.999410 0.034346 -1.621002 -0.019864 -0.034353 0.999212 157.865537
0.999792 0.002863 0.020185 -0.084672 -0.003490 0.999509 0.031126 -1.598857 -0.020086 -0.031190 0.999312 159.096139
0.999789 0.003871 0.020196 -0.068756 -0.004437 0.999597 0.028054 -1.579581 -0.020080 -0.028137 0.999402 160.380194
0.999790 0.002113 0.020405 -0.051185 -0.002640 0.999663 0.025838 -1.563851 -0.020343 -0.025887 0.999458 161.672218
0.999793 0.002298 0.020202 -0.034520 -0.002783 0.999708 0.024008 -1.550167 -0.020141 -0.024059 0.999508 163.013193
0.999797 0.004726 0.019570 -0.016850 -0.005168 0.999732 0.022563 -1.538886 -0.019458 -0.022660 0.999554 164.350617
0.999789 0.007435 0.019168 -0.001507 -0.007794 0.999795 0.018712 -1.530358 -0.019025 -0.018857 0.999641 165.680978
0.999793 0.008966 0.018253 0.014796 -0.009210 0.999869 0.013323 -1.527609 -0.018132 -0.013488 0.999745 166.991705
0.999788 0.008436 0.018763 0.031957 -0.008606 0.999922 0.009021 -1.531561 -0.018686 -0.009181 0.999783 168.317732
0.999802 0.006954 0.018618 0.050332 -0.007060 0.999959 0.005613 -1.541157 -0.018579 -0.005743 0.999811 169.727820
0.999818 0.004605 0.018494 0.068392 -0.004699 0.999976 0.005051 -1.554247 -0.018471 -0.005137 0.999816 171.075928
0.999825 0.003372 0.018387 0.088306 -0.003495 0.999972 0.006687 -1.567643 -0.018364 -0.006750 0.999809 172.455636
0.999850 0.003351 0.016966 0.107416 -0.003504 0.999954 0.008958 -1.578688 -0.016935 -0.009016 0.999816 173.859294
0.999842 0.007831 0.015952 0.120623 -0.007984 0.999923 0.009514 -1.586915 -0.015876 -0.009639 0.999828 175.208452
0.999828 0.011993 0.014122 0.134849 -0.012106 0.999895 0.007941 -1.595299 -0.014025 -0.008111 0.999869 176.640609
0.999823 0.013040 0.013588 0.147727 -0.013083 0.999910 0.003040 -1.606969 -0.013548 -0.003217 0.999903 178.057960
0.999845 0.012101 0.012768 0.162215 -0.012090 0.999926 -0.000968 -1.626487 -0.012779 0.000813 0.999918 179.607459
0.999878 0.009319 0.012553 0.173372 -0.009281 0.999952 -0.003103 -1.649432 -0.012582 0.002986 0.999916 180.991254
0.999890 0.007265 0.012918 0.184015 -0.007215 0.999966 -0.003939 -1.674624 -0.012946 0.003846 0.999909 182.355931
0.999897 0.006127 0.012975 0.195917 -0.006074 0.999973 -0.004119 -1.700398 -0.013000 0.004040 0.999907 183.697645
0.999898 0.005297 0.013267 0.209324 -0.005266 0.999983 -0.002343 -1.725974 -0.013280 0.002273 0.999909 185.049672
0.999892 0.005069 0.013788 0.223994 -0.005074 0.999987 0.000326 -1.749120 -0.013786 -0.000396 0.999905 186.419338
0.999888 0.005025 0.014078 0.237550 -0.005070 0.999982 0.003193 -1.768702 -0.014061 -0.003264 0.999896 187.806500
0.999887 0.003749 0.014543 0.252897 -0.003839 0.999973 0.006206 -1.784356 -0.014520 -0.006261 0.999875 189.202171
0.999895 0.002567 0.014256 0.269982 -0.002707 0.999948 0.009814 -1.795941 -0.014230 -0.009852 0.999850 190.653130
0.999890 0.002425 0.014652 0.284302 -0.002613 0.999915 0.012761 -1.802403 -0.014620 -0.012798 0.999811 192.064865
0.999858 0.006836 0.015385 0.301479 -0.007009 0.999912 0.011240 -1.805657 -0.015307 -0.011346 0.999818 194.093430
0.999794 0.012604 0.015938 0.309495 -0.012679 0.999909 0.004659 -1.813109 -0.015878 -0.004860 0.999862 195.540489
0.999774 0.012901 0.016885 0.317134 -0.012827 0.999908 -0.004497 -1.830515 -0.016941 0.004279 0.999847 196.945171
0.999800 0.008566 0.018085 0.328191 -0.008327 0.999878 -0.013245 -1.860511 -0.018196 0.013091 0.999749 198.338753
0.999799 0.006532 0.018941 0.345633 -0.006247 0.999867 -0.015070 -1.900610 -0.019037 0.014948 0.999707 199.733842
0.999800 0.006347 0.018952 0.366115 -0.006105 0.999899 -0.012825 -1.942326 -0.019031 0.012707 0.999738 201.142083
0.999812 0.006620 0.018245 0.387269 -0.006448 0.999934 -0.009466 -1.980211 -0.018307 0.009347 0.999789 202.536800
0.999821 0.006870 0.017642 0.407952 -0.006752 0.999955 -0.006702 -2.014258 -0.017687 0.006582 0.999822 203.962404
0.999817 0.007346 0.017679 0.424973 -0.007229 0.999952 -0.006687 -2.045480 -0.017728 0.006558 0.999821 205.402406
0.999811 0.007098 0.018082 0.441686 -0.006959 0.999946 -0.007768 -2.077124 -0.018137 0.007640 0.999806 206.847577
0.999811 0.006002 0.018465 0.457708 -0.005823 0.999935 -0.009774 -2.110603 -0.018523 0.009665 0.999782 208.292751
0.999814 0.006152 0.018254 0.476105 -0.005991 0.999943 -0.008859 -2.146309 -0.018307 0.008748 0.999794 209.748949
0.999820 0.006607 0.017779 0.493918 -0.006459 0.999944 -0.008382 -2.181901 -0.017834 0.008266 0.999807 211.258061
0.999823 0.006790 0.017546 0.510700 -0.006672 0.999955 -0.006756 -2.215369 -0.017591 0.006637 0.999823 212.717127
0.999824 0.006617 0.017532 0.529156 -0.006494 0.999954 -0.007015 -2.247031 -0.017578 0.006900 0.999822 214.170018
0.999828 0.006666 0.017324 0.547185 -0.006557 0.999958 -0.006326 -2.278303 -0.017365 0.006211 0.999830 215.598897
0.999822 0.006918 0.017543 0.566004 -0.006808 0.999957 -0.006345 -2.308971 -0.017586 0.006224 0.999826 217.035121
0.999821 0.006831 0.017671 0.584728 -0.006708 0.999953 -0.006992 -2.339468 -0.017718 0.006872 0.999819 218.449288
0.999825 0.006914 0.017384 0.605674 -0.006813 0.999960 -0.005875 -2.370352 -0.017424 0.005756 0.999832 219.863526
0.999824 0.006589 0.017538 0.626462 -0.006477 0.999958 -0.006420 -2.400835 -0.017580 0.006305 0.999826 221.313387
0.999817 0.006555 0.017985 0.647853 -0.006471 0.999968 -0.004726 -2.430529 -0.018016 0.004609 0.999827 222.716790
0.999814 0.006721 0.018080 0.670176 -0.006653 0.999970 -0.003845 -2.458181 -0.018106 0.003724 0.999829 224.123128
0.999811 0.006576 0.018321 0.693356 -0.006527 0.999975 -0.002701 -2.485319 -0.018339 0.002581 0.999829 225.581166
0.999807 0.006365 0.018598 0.715167 -0.006341 0.999979 -0.001352 -2.509854 -0.018607 0.001234 0.999826 226.981405
0.999809 0.006241 0.018501 0.736759 -0.006210 0.999979 -0.001702 -2.533552 -0.018511 0.001587 0.999827 228.419103
0.999808 0.006685 0.018442 0.758327 -0.006663 0.999977 -0.001259 -2.557481 -0.018450 0.001136 0.999829 229.856746
0.999798 0.007551 0.018633 0.779849 -0.007520 0.999970 -0.001750 -2.581371 -0.018646 0.001610 0.999825 231.316488
0.999793 0.007463 0.018930 0.801675 -0.007426 0.999970 -0.002017 -2.605686 -0.018944 0.001876 0.999819 232.760902
0.999798 0.004938 0.019460 0.823521 -0.004889 0.999985 -0.002546 -2.630313 -0.019472 0.002450 0.999807 234.194851
0.999784 0.004340 0.020301 0.848056 -0.004300 0.999989 -0.002015 -2.655787 -0.020309 0.001928 0.999792 235.656029
0.999758 0.005727 0.021241 0.872351 -0.005681 0.999981 -0.002231 -2.680648 -0.021253 0.002110 0.999772 237.112537
0.999728 0.006990 0.022262 0.899209 -0.006951 0.999974 -0.001832 -2.705702 -0.022275 0.001677 0.999750 238.573367
0.999706 0.006782 0.023281 0.926926 -0.006732 0.999975 -0.002236 -2.730444 -0.023295 0.002078 0.999726 240.036363
0.999709 0.005432 0.023517 0.956494 -0.005405 0.999985 -0.001240 -2.755310 -0.023523 0.001113 0.999723 241.498532
0.999698 0.004687 0.024132 0.983540 -0.004649 0.999988 -0.001606 -2.779558 -0.024139 0.001493 0.999707 242.995438
0.999688 0.004719 0.024527 1.011433 -0.004673 0.999987 -0.001930 -2.804005 -0.024535 0.001815 0.999697 244.466522
0.999683 0.004469 0.024781 1.038308 -0.004393 0.999985 -0.003123 -2.829392 -0.024794 0.003014 0.999688 245.952667
0.999676 0.004206 0.025112 1.071634 -0.004106 0.999983 -0.004036 -2.859213 -0.025129 0.003931 0.999676 247.617505
0.999664 0.004237 0.025571 1.101038 -0.004121 0.999981 -0.004585 -2.887163 -0.025590 0.004478 0.999662 249.078707
0.999672 0.003808 0.025343 1.129420 -0.003750 0.999990 -0.002354 -2.914822 -0.025352 0.002258 0.999676 250.532006
0.999666 0.003231 0.025630 1.161287 -0.003215 0.999995 -0.000671 -2.939893 -0.025632 0.000589 0.999671 252.012967
0.999665 0.002058 0.025804 1.193716 -0.002107 0.999996 0.001844 -2.962534 -0.025800 -0.001898 0.999665 253.520913
0.999657 0.002888 0.026042 1.227477 -0.002987 0.999988 0.003767 -2.980980 -0.026031 -0.003844 0.999654 254.964291
0.999643 0.004013 0.026401 1.261682 -0.004156 0.999977 0.005372 -2.996809 -0.026379 -0.005479 0.999637 256.415229
0.999631 0.002214 0.027058 1.297983 -0.002418 0.999969 0.007528 -3.010183 -0.027040 -0.007591 0.999606 257.873486
0.999635 0.000525 0.027008 1.333679 -0.000767 0.999960 0.008926 -3.020711 -0.027002 -0.008943 0.999595 259.348411
0.999615 0.001236 0.027730 1.369682 -0.001527 0.999944 0.010487 -3.029224 -0.027716 -0.010526 0.999560 260.852695
0.999585 0.002795 0.028681 1.404838 -0.003128 0.999928 0.011553 -3.035446 -0.028647 -0.011638 0.999522 262.300875
0.999535 0.002983 0.030353 1.441598 -0.003305 0.999939 0.010582 -3.040793 -0.030319 -0.010678 0.999483 263.766877
0.999495 0.002926 0.031648 1.480639 -0.003220 0.999952 0.009261 -3.047665 -0.031619 -0.009358 0.999456 265.218917
0.999455 0.003440 0.032837 1.519914 -0.003723 0.999957 0.008552 -3.056227 -0.032806 -0.008669 0.999424 266.673919
0.999407 0.003544 0.034263 1.561185 -0.003798 0.999966 0.007338 -3.066044 -0.034235 -0.007464 0.999386 268.144537
0.999379 0.003754 0.035043 1.606659 -0.004008 0.999966 0.007191 -3.077693 -0.035015 -0.007327 0.999360 269.707695
0.999353 0.004056 0.035729 1.649010 -0.004303 0.999967 0.006837 -3.089295 -0.035700 -0.006987 0.999338 271.204698
0.999320 0.004223 0.036625 1.690916 -0.004503 0.999961 0.007556 -3.101139 -0.036592 -0.007716 0.999301 272.728539
0.999302 0.004245 0.037128 1.729312 -0.004559 0.999954 0.008389 -3.111702 -0.037091 -0.008553 0.999275 274.238319
0.999283 0.002203 0.037793 1.788493 -0.002554 0.999954 0.009253 -3.123081 -0.037771 -0.009343 0.999243 276.315191
0.999265 0.001806 0.038290 1.832313 -0.002228 0.999937 0.010980 -3.130756 -0.038268 -0.011057 0.999206 277.763615
0.999252 0.003871 0.038469 1.903367 -0.004349 0.999914 0.012341 -3.136868 -0.038418 -0.012499 0.999184 279.971243
0.999237 0.005922 0.038595 1.948062 -0.006429 0.999894 0.013032 -3.140430 -0.038514 -0.013270 0.999170 281.391049
0.999238 0.005339 0.038660 1.993903 -0.005819 0.999907 0.012324 -3.143324 -0.038591 -0.012540 0.999176 282.889005
0.999268 0.004973 0.037930 2.042354 -0.005486 0.999895 0.013427 -3.146718 -0.037859 -0.013625 0.999190 284.411533
0.999269 0.005266 0.037854 2.087484 -0.005789 0.999889 0.013723 -3.148769 -0.037778 -0.013932 0.999189 285.881181
0.999275 0.004517 0.037795 2.132257 -0.005022 0.999899 0.013281 -3.150473 -0.037731 -0.013461 0.999197 287.410396
0.999279 0.003543 0.037797 2.177840 -0.004055 0.999901 0.013488 -3.152646 -0.037746 -0.013632 0.999194 288.949021
0.999310 0.003640 0.036961 2.224044 -0.004172 0.999889 0.014337 -3.154399 -0.036905 -0.014481 0.999214 290.457057
0.999326 0.002245 0.036641 2.270609 -0.002806 0.999880 0.015259 -3.154741 -0.036603 -0.015352 0.999212 292.006650
0.999339 0.000804 0.036351 2.319723 -0.001316 0.999900 0.014082 -3.154441 -0.036336 -0.014120 0.999240 293.551879
0.999336 0.000781 0.036414 2.369399 -0.001281 0.999905 0.013709 -3.155876 -0.036400 -0.013746 0.999243 295.043041
0.999340 0.001064 0.036320 2.417739 -0.001564 0.999904 0.013736 -3.157765 -0.036301 -0.013784 0.999246 296.511570
0.999333 0.001239 0.036497 2.469534 -0.001792 0.999884 0.015144 -3.159052 -0.036474 -0.015199 0.999219 298.050319
0.999334 0.002139 0.036421 2.520567 -0.002769 0.999847 0.017273 -3.157976 -0.036379 -0.017363 0.999187 299.570638
0.999316 0.003788 0.036794 2.575295 -0.004498 0.999805 0.019244 -3.153214 -0.036714 -0.019396 0.999138 301.184832
0.999311 0.004103 0.036881 2.623790 -0.004820 0.999801 0.019364 -3.146234 -0.036794 -0.019528 0.999132 302.737354
0.999370 0.004986 0.035127 2.669003 -0.005640 0.999812 0.018560 -3.139497 -0.035028 -0.018746 0.999211 304.268285
0.999378 0.004913 0.034934 2.714281 -0.005535 0.999827 0.017743 -3.133941 -0.034841 -0.017925 0.999232 305.810443
0.999376 0.002332 0.035238 2.759657 -0.002918 0.999858 0.016607 -3.129350 -0.035194 -0.016700 0.999241 307.417088
0.999341 -0.000891 0.036290 2.803839 0.000250 0.999844 0.017660 -3.126139 -0.036300 -0.017639 0.999185 308.964590
0.999336 -0.001918 0.036397 2.851751 0.001223 0.999816 0.019118 -3.120911 -0.036427 -0.019061 0.999155 310.565194
0.999359 -0.000554 0.035791 2.901499 -0.000192 0.999783 0.020835 -3.113518 -0.035795 -0.020828 0.999142 312.137701
0.999369 -0.000408 0.035503 2.947257 -0.000361 0.999766 0.021638 -3.104351 -0.035504 -0.021637 0.999135 313.638298
0.999373 -0.000566 0.035401 2.993772 -0.000202 0.999765 0.021676 -3.093965 -0.035405 -0.021669 0.999138 315.166791
0.999376 -0.000519 0.035328 3.038866 -0.000267 0.999753 0.022237 -3.083191 -0.035331 -0.022232 0.999128 316.708859
0.999366 0.000123 0.035590 3.080063 -0.000866 0.999782 0.020864 -3.072397 -0.035580 -0.020881 0.999149 318.226467
0.999350 0.001390 0.036018 3.126277 -0.002128 0.999789 0.020436 -3.062986 -0.035982 -0.020500 0.999142 319.791899
0.999343 -0.000079 0.036257 3.174348 -0.000703 0.999768 0.021550 -3.053777 -0.036250 -0.021561 0.999110 321.353433
0.999328 -0.001112 0.036628 3.222275 0.000304 0.999756 0.022075 -3.042968 -0.036644 -0.022049 0.999085 322.920715
0.999348 0.000628 0.036089 3.272177 -0.001465 0.999730 0.023172 -3.030731 -0.036065 -0.023210 0.999080 324.530223
0.999344 0.000322 0.036203 3.321574 -0.001130 0.999751 0.022279 -3.017271 -0.036186 -0.022305 0.999096 326.146778
0.999366 0.002088 0.035531 3.366136 -0.002770 0.999813 0.019152 -3.006058 -0.035484 -0.019238 0.999185 327.752825
0.999405 0.004520 0.034207 3.407678 -0.005139 0.999824 0.018055 -2.999688 -0.034119 -0.018220 0.999252 329.289080
0.999443 0.003471 0.033206 3.448605 -0.004013 0.999859 0.016294 -2.995005 -0.033145 -0.016418 0.999316 330.856120
0.999474 0.000211 0.032422 3.491618 -0.000706 0.999884 0.015243 -2.992635 -0.032415 -0.015258 0.999358 332.482088
0.999493 -0.002687 0.031737 3.533522 0.002265 0.999909 0.013314 -2.992455 -0.031770 -0.013235 0.999408 334.069175
0.999527 -0.001604 0.030704 3.577695 0.001220 0.999921 0.012523 -2.994819 -0.030721 -0.012479 0.999450 335.789426
0.999547 0.000587 0.030101 3.617242 -0.000994 0.999908 0.013518 -2.998091 -0.030091 -0.013542 0.999455 337.306041
0.999578 -0.001129 0.029031 3.656787 0.000689 0.999885 0.015182 -2.999539 -0.029045 -0.015155 0.999463 338.864205
0.999600 -0.002289 0.028206 3.694592 0.001808 0.999852 0.017091 -2.998267 -0.028241 -0.017034 0.999456 340.439052
0.999624 -0.001382 0.027397 3.730392 0.000908 0.999849 0.017329 -2.994773 -0.027416 -0.017298 0.999474 341.970304
0.999650 -0.000344 0.026460 3.766059 -0.000136 0.999835 0.018168 -2.990654 -0.026462 -0.018166 0.999485 343.514916
0.999665 0.000180 0.025899 3.793657 -0.000638 0.999844 0.017678 -2.985645 -0.025892 -0.017688 0.999508 345.047672
0.999689 -0.000050 0.024938 3.820411 -0.000411 0.999829 0.018476 -2.981350 -0.024935 -0.018480 0.999518 346.515116
0.999712 0.000290 0.024005 3.849692 -0.000755 0.999813 0.019343 -2.975133 -0.023995 -0.019356 0.999525 348.098135
0.999724 0.001210 0.023450 3.875344 -0.001673 0.999804 0.019739 -2.968059 -0.023421 -0.019773 0.999530 349.630127
0.999729 0.001200 0.023266 3.901051 -0.001659 0.999804 0.019712 -2.960682 -0.023238 -0.019745 0.999535 351.142392
0.999724 0.002243 0.023396 3.925562 -0.002693 0.999811 0.019248 -2.953544 -0.023349 -0.019305 0.999541 352.646822
0.999710 0.003892 0.023783 3.956698 -0.004391 0.999770 0.020991 -2.946996 -0.023695 -0.021089 0.999497 354.083630
0.999706 0.003570 0.023977 3.987510 -0.004086 0.999760 0.021510 -2.937499 -0.023894 -0.021602 0.999481 355.608856
0.999719 0.002362 0.023582 4.015242 -0.002912 0.999725 0.023286 -2.926734 -0.023521 -0.023348 0.999451 357.133588
0.999723 0.003456 0.023276 4.045231 -0.004016 0.999703 0.024042 -2.913318 -0.023186 -0.024129 0.999440 358.687674
0.999714 0.004305 0.023540 4.072075 -0.004843 0.999727 0.022858 -2.900201 -0.023435 -0.022965 0.999462 360.170298
0.999704 0.003777 0.024043 4.100003 -0.004289 0.999764 0.021285 -2.888607 -0.023956 -0.021381 0.999484 361.685131
0.999703 0.003619 0.024099 4.127998 -0.004118 0.999778 0.020681 -2.878632 -0.024019 -0.020774 0.999496 363.244401
0.999683 0.004043 0.024848 4.158839 -0.004544 0.999787 0.020135 -2.869596 -0.024762 -0.020242 0.999488 364.806004
0.999680 0.004771 0.024847 4.190300 -0.005266 0.999789 0.019872 -2.861655 -0.024747 -0.019997 0.999494 366.326908
0.999671 0.005354 0.025092 4.225109 -0.005845 0.999792 0.019530 -2.853101 -0.024983 -0.019671 0.999494 367.982514
0.999673 0.006149 0.024804 4.273906 -0.006631 0.999789 0.019425 -2.841879 -0.024679 -0.019583 0.999504 370.069209
0.999693 0.006954 0.023776 4.314940 -0.007371 0.999820 0.017488 -2.833269 -0.023650 -0.017658 0.999564 371.910135
0.999681 0.006738 0.024345 4.354037 -0.007135 0.999842 0.016271 -2.829418 -0.024232 -0.016439 0.999571 373.506925
0.999663 0.007771 0.024780 4.387548 -0.008154 0.999848 0.015404 -2.827404 -0.024657 -0.015601 0.999574 375.072356
0.999626 0.008567 0.025954 4.425570 -0.008955 0.999849 0.014876 -2.826286 -0.025823 -0.015103 0.999552 376.745340
0.999602 0.008672 0.026846 4.463566 -0.009050 0.999861 0.013969 -2.826279 -0.026721 -0.014206 0.999542 378.374074
0.999562 0.008366 0.028382 4.503182 -0.008708 0.999890 0.011979 -2.828219 -0.028278 -0.012221 0.999525 379.959290
0.999539 0.007780 0.029354 4.537608 -0.008142 0.999892 0.012214 -2.832491 -0.029256 -0.012448 0.999494 381.385628
0.999527 0.008251 0.029621 4.577892 -0.008595 0.999897 0.011496 -2.836805 -0.029524 -0.011745 0.999495 382.900207
0.999465 0.008532 0.031569 4.620604 -0.008862 0.999907 0.010340 -2.842381 -0.031478 -0.010614 0.999448 384.420904
