1.000000 0.000000 0.000000 0.000000 0.000000 1.000000 0.000000 0.000000 0.000000 0.000000 1.000000 0.000000
0.999895 -0.002313 0.014336 0.020564 0.002253 0.999989 0.004221 -0.006336 -0.014345 -0.004189 0.999888 0.265659
0.999717 -0.002456 0.023661 0.039104 0.002270 0.999967 0.007863 -0.011491 -0.023679 -0.007807 0.999689 0.506851
0.999565 -0.001878 0.029433 0.055298 0.001489 0.999912 0.013219 -0.015159 -0.029455 -0.013169 0.999479 0.748305
0.999463 0.000144 0.032757 0.069544 -0.000675 0.999868 0.016219 -0.018128 -0.032751 -0.016233 0.999332 1.100017
0.999572 0.001131 0.029229 0.082355 -0.001703 0.999808 0.019540 -0.019536 -0.029201 -0.019582 0.999382 1.533590
0.999780 0.003176 0.020712 0.089196 -0.003627 0.999757 0.021752 -0.019392 -0.020638 -0.021823 0.999549 2.023614
0.999961 0.004203 0.007756 0.088416 -0.004376 0.999737 0.022529 -0.018319 -0.007659 -0.022562 0.999716 2.540146
0.999944 0.004501 -0.009530 0.077528 -0.004309 0.999790 0.020026 -0.017266 0.009618 -0.019983 0.999754 3.115556
0.999654 0.006373 -0.025531 0.060088 -0.005902 0.999811 0.018514 -0.017401 0.025644 -0.018356 0.999503 3.689742
0.999008 0.007799 -0.043836 0.032214 -0.006923 0.999774 0.020105 -0.017098 0.043983 -0.019781 0.998836 4.305768
0.998126 0.007103 -0.060774 -0.007222 -0.005728 0.999724 0.022770 -0.015500 0.060919 -0.022380 0.997892 4.911280
0.996943 0.007015 -0.077819 -0.050670 -0.005010 0.999651 0.025934 -0.012959 0.077974 -0.025465 0.996630 5.441632
0.995615 0.006523 -0.093323 -0.103284 -0.003991 0.999619 0.027300 -0.009341 0.093465 -0.026808 0.995262 5.970151
0.994369 0.006001 -0.105803 -0.164141 -0.003166 0.999632 0.026949 -0.005429 0.105926 -0.026462 0.994022 6.508044
0.993198 0.006274 -0.116266 -0.228162 -0.003089 0.999615 0.027556 -0.001568 0.116394 -0.027010 0.992836 7.036595
0.991861 0.007506 -0.127106 -0.295007 -0.003806 0.999563 0.029328 0.002823 0.127271 -0.028605 0.991455 7.555377
0.990913 0.010322 -0.134108 -0.366937 -0.005812 0.999406 0.033973 0.009239 0.134379 -0.032885 0.990384 8.082561
0.989667 0.012291 -0.142856 -0.452513 -0.007452 0.999382 0.034355 0.017996 0.143190 -0.032935 0.989147 8.665836
0.988801 0.013570 -0.148625 -0.546149 -0.008615 0.999387 0.033933 0.027464 0.148994 -0.032272 0.988311 9.282580
0.987492 0.016348 -0.156822 -0.637074 -0.010934 0.999316 0.035320 0.036343 0.157292 -0.033164 0.986995 9.857751
0.986144 0.017486 -0.164970 -0.740576 -0.011194 0.999177 0.038990 0.047763 0.165516 -0.036603 0.985528 10.470576
0.984647 0.019065 -0.173511 -0.844135 -0.011485 0.998939 0.044587 0.061611 0.174177 -0.041910 0.983822 11.066829
0.982878 0.020355 -0.183131 -0.957612 -0.012361 0.998924 0.044690 0.077424 0.183844 -0.041661 0.982072 11.672299
0.981236 0.023128 -0.191416 -1.093303 -0.015407 0.999010 0.041730 0.094936 0.192192 -0.037998 0.980621 12.354632
0.979555 0.025206 -0.199589 -1.231008 -0.017576 0.999049 0.039908 0.110360 0.200405 -0.035584 0.979067 13.023264
0.977798 0.026655 -0.207847 -1.371613 -0.018057 0.998905 0.043156 0.126202 0.208770 -0.038445 0.977209 13.693160
0.976045 0.028684 -0.215668 -1.524220 -0.019079 0.998737 0.046491 0.145112 0.216729 -0.041263 0.975359 14.385782
0.974411 0.030324 -0.222718 -1.684028 -0.020223 0.998667 0.047494 0.165839 0.223861 -0.041775 0.973725 15.082822
0.972254 0.032780 -0.231621 -1.853373 -0.022231 0.998599 0.048010 0.187772 0.232871 -0.041529 0.971621 15.796785
0.969676 0.036908 -0.241593 -2.029343 -0.025347 0.998388 0.050787 0.210817 0.243078 -0.043123 0.969048 16.508736
0.967339 0.042643 -0.249873 -2.214515 -0.030612 0.998186 0.051841 0.235364 0.251630 -0.042499 0.966890 17.215778
0.965892 0.049320 -0.254203 -2.389790 -0.037046 0.997915 0.052849 0.258656 0.256280 -0.041629 0.965706 17.875781
0.964016 0.056229 -0.259831 -2.580603 -0.043795 0.997612 0.053404 0.284095 0.262214 -0.040103 0.964176 18.567445
0.962248 0.063174 -0.264743 -2.782141 -0.051457 0.997374 0.050967 0.309943 0.267267 -0.035420 0.962971 19.278649
0.960211 0.068833 -0.270662 -2.976971 -0.057062 0.997060 0.051131 0.333399 0.273386 -0.033652 0.961316 19.952085
0.957530 0.073022 -0.278935 -3.192948 -0.062034 0.996918 0.048032 0.357923 0.281583 -0.028688 0.959108 20.663276
0.955606 0.076228 -0.284617 -3.413755 -0.065480 0.996741 0.047107 0.381027 0.287280 -0.026379 0.957483 21.383319
0.953721 0.079052 -0.290115 -3.637762 -0.068988 0.996612 0.044772 0.402851 0.292672 -0.022686 0.955944 22.097823
0.951545 0.079810 -0.296972 -3.870800 -0.070578 0.996634 0.041700 0.423183 0.299300 -0.018719 0.953975 22.820999
0.949710 0.080079 -0.302720 -4.083280 -0.070975 0.996636 0.040977 0.439488 0.304983 -0.017431 0.952198 23.473540
0.947744 0.079671 -0.308922 -4.304397 -0.070458 0.996677 0.040885 0.455944 0.311153 -0.016982 0.950208 24.146610
0.945521 0.078706 -0.315905 -4.543551 -0.069494 0.996766 0.040339 0.473422 0.318058 -0.016188 0.947933 24.857081
0.943519 0.077420 -0.322147 -4.782771 -0.068062 0.996870 0.040229 0.490195 0.324253 -0.016031 0.945835 25.558085
0.941015 0.075225 -0.329897 -5.046656 -0.065104 0.997009 0.041640 0.509109 0.332042 -0.017707 0.943098 26.306894
0.938450 0.069105 -0.338433 -5.342391 -0.058638 0.997434 0.041068 0.530734 0.340402 -0.018696 0.940094 27.106706
0.935950 0.062201 -0.346596 -5.606921 -0.051832 0.997889 0.039119 0.548115 0.348298 -0.018648 0.937198 27.822909
0.933365 0.057520 -0.354291 -5.878164 -0.046942 0.998160 0.038385 0.564433 0.355847 -0.019196 0.934347 28.538686
0.930721 0.056456 -0.361345 -6.165997 -0.045086 0.998189 0.039826 0.581721 0.362939 -0.020775 0.931581 29.286949
0.927739 0.055877 -0.369022 -6.458327 -0.044355 0.998229 0.039639 0.599508 0.370584 -0.020407 0.928575 30.027534
0.924279 0.055313 -0.377690 -6.751801 -0.043271 0.998250 0.040302 0.617046 0.379258 -0.020907 0.925055 30.756736
0.921242 0.054254 -0.385187 -7.069278 -0.041626 0.998289 0.041054 0.636421 0.386756 -0.021787 0.921925 31.517641
0.918399 0.053191 -0.392064 -7.411654 -0.039253 0.998283 0.043488 0.658397 0.393704 -0.024549 0.918910 32.319469
0.915642 0.050733 -0.398781 -7.729066 -0.035410 0.998327 0.045702 0.679955 0.400433 -0.027726 0.915907 33.048874
0.912668 0.045905 -0.406116 -8.078191 -0.029540 0.998482 0.046477 0.704926 0.407633 -0.030421 0.912639 33.828606
0.909595 0.043125 -0.413252 -8.433332 -0.025077 0.998484 0.049001 0.731121 0.414738 -0.034208 0.909297 34.607700
0.906780 0.042057 -0.419500 -8.807298 -0.022596 0.998430 0.051256 0.760589 0.420997 -0.036999 0.906307 35.416433
0.903964 0.041650 -0.425576 -9.164641 -0.020814 0.998351 0.053494 0.790028 0.427102 -0.039499 0.903340 36.176526
0.901581 0.040529 -0.430708 -9.557738 -0.018823 0.998334 0.054540 0.823875 0.432201 -0.041065 0.900842 36.996347
0.898904 0.040493 -0.436270 -9.961630 -0.017426 0.998236 0.056749 0.859670 0.437798 -0.043410 0.898025 37.827291
0.896970 0.041446 -0.440144 -10.347942 -0.017304 0.998124 0.058722 0.895256 0.441752 -0.045056 0.896005 38.614313
0.895156 0.042424 -0.443730 -10.734370 -0.017355 0.998023 0.060406 0.931925 0.445415 -0.046372 0.894122 39.385313
0.893933 0.043322 -0.446101 -11.137763 -0.017850 0.997969 0.061144 0.971320 0.447844 -0.046696 0.892891 40.184767
0.892792 0.043523 -0.448362 -11.542137 -0.017473 0.997919 0.062075 1.011396 0.450130 -0.047586 0.891694 40.983523
0.892251 0.042675 -0.449518 -11.964674 -0.015888 0.997875 0.063197 1.054271 0.451260 -0.049246 0.891033 41.816170
0.891666 0.043308 -0.450618 -12.382946 -0.015603 0.997762 0.065018 1.097823 0.452426 -0.050943 0.890346 42.637894
0.890564 0.045093 -0.452618 -12.819277 -0.016483 0.997620 0.066960 1.145117 0.454560 -0.052172 0.889187 43.493838
0.889480 0.047835 -0.454463 -13.294749 -0.017743 0.997371 0.070252 1.199120 0.456629 -0.054425 0.887991 44.418346
0.888445 0.047486 -0.456519 -13.746293 -0.016603 0.997308 0.071426 1.252542 0.458682 -0.055879 0.886842 45.290937
0.885869 0.045631 -0.461686 -14.213958 -0.013296 0.997240 0.073050 1.308663 0.463745 -0.058574 0.884030 46.178887
0.883423 0.044399 -0.466467 -14.673142 -0.009995 0.997060 0.075972 1.365184 0.468469 -0.062453 0.881270 47.041665
0.880352 0.044704 -0.472211 -15.121107 -0.008583 0.996887 0.078373 1.422366 0.474244 -0.064943 0.877995 47.875877
0.875422 0.047407 -0.481029 -15.600823 -0.009809 0.996716 0.080379 1.484828 0.483260 -0.065647 0.873012 48.745020
0.869488 0.052513 -0.491156 -16.058329 -0.012738 0.996386 0.083981 1.545423 0.493791 -0.066764 0.867014 49.552875
0.863761 0.052634 -0.501145 -16.571454 -0.012118 0.996412 0.083764 1.614458 0.503755 -0.066279 0.861300 50.427975
0.859464 0.048594 -0.508882 -17.054354 -0.006910 0.996485 0.083484 1.677698 0.511150 -0.068235 0.856779 51.231321
0.854994 0.044949 -0.516686 -17.572928 -0.001804 0.996489 0.083704 1.744786 0.518634 -0.070635 0.852074 52.078357
0.851038 0.046161 -0.523072 -18.110030 -0.002807 0.996514 0.083375 1.813599 0.525097 -0.069487 0.848201 52.943295
0.846343 0.049928 -0.530293 -18.635637 -0.006200 0.996453 0.083923 1.880053 0.532602 -0.067740 0.843651 53.777603
0.841272 0.057177 -0.537580 -19.193622 -0.013497 0.996303 0.084846 1.950530 0.540444 -0.064123 0.838933 54.646129
0.836959 0.057620 -0.544224 -19.769712 -0.013636 0.996329 0.084516 2.022686 0.547096 -0.063315 0.834672 55.518201
0.834366 0.055917 -0.548367 -20.329361 -0.009481 0.996150 0.087152 2.092853 0.551129 -0.067517 0.831684 56.359368
0.832114 0.051116 -0.552244 -20.891112 -0.003674 0.996230 0.086676 2.163911 0.554592 -0.070095 0.829165 57.185524
0.828511 0.049854 -0.557750 -21.456546 -0.001141 0.996177 0.087347 2.235026 0.559972 -0.071731 0.825400 58.013966
0.824482 0.049685 -0.563703 -22.007650 -0.001355 0.996309 0.085834 2.303501 0.565887 -0.070005 0.821506 58.811599
0.820747 0.052167 -0.568905 -22.608782 -0.002960 0.996197 0.087079 2.377231 0.571284 -0.069786 0.817780 59.670122
0.816037 0.054755 -0.575400 -23.202270 -0.004793 0.996110 0.087992 2.450450 0.577980 -0.069047 0.813125 60.506035
0.812890 0.056144 -0.579705 -23.773242 -0.005469 0.996035 0.088796 2.520972 0.582392 -0.069011 0.809973 61.300185
0.808167 0.055862 -0.586298 -24.393087 -0.004002 0.995990 0.089380 2.597784 0.588940 -0.069887 0.805149 62.147231
0.803259 0.055501 -0.593039 -24.998010 -0.002887 0.996000 0.089303 2.672201 0.595623 -0.070021 0.800206 62.961160
0.799439 0.056965 -0.598040 -25.628582 -0.003568 0.995927 0.090096 2.749460 0.600737 -0.069892 0.796386 63.798842
0.795755 0.058555 -0.602782 -26.209955 -0.004309 0.995837 0.091049 2.820589 0.605604 -0.069855 0.792694 64.561522
0.791336 0.060070 -0.608423 -26.829339 -0.004944 0.995758 0.091883 2.896754 0.611362 -0.069702 0.788276 65.360292
0.787040 0.061003 -0.613878 -27.499841 -0.005159 0.995715 0.092333 2.979705 0.616881 -0.069503 0.783982 66.215641
0.781109 0.063031 -0.621205 -28.169669 -0.005816 0.995583 0.093704 3.062466 0.624367 -0.069581 0.778026 67.055678
0.775946 0.062759 -0.627670 -28.873682 -0.005040 0.995624 0.093318 3.149463 0.630779 -0.069246 0.772866 67.919601
0.771182 0.062203 -0.633569 -29.586019 -0.002984 0.995557 0.094110 3.236491 0.636608 -0.070686 0.767941 68.777372
0.765656 0.061895 -0.640266 -30.296870 -0.001233 0.995499 0.094761 3.323386 0.643250 -0.071765 0.762286 69.621676
0.761640 0.063057 -0.644925 -31.036936 -0.001512 0.995424 0.095541 3.414011 0.647999 -0.071793 0.758250 70.488510
0.756325 0.065204 -0.650939 -31.719667 -0.002716 0.995325 0.096545 3.497464 0.654191 -0.071252 0.752966 71.276461
0.751616 0.064628 -0.656427 -32.438302 -0.002023 0.995410 0.095686 3.585052 0.659598 -0.070591 0.748296 72.090245
0.747689 0.064424 -0.660916 -33.177515 -0.000490 0.995336 0.096467 3.674233 0.664048 -0.071803 0.744234 72.917788
0.743927 0.063900 -0.665199 -33.931913 0.000561 0.995358 0.096243 3.765393 0.668261 -0.071971 0.740437 73.755165
0.739453 0.064612 -0.670100 -34.639667 0.000457 0.995335 0.096476 3.849934 0.673208 -0.071646 0.735974 74.530858
0.734867 0.066359 -0.674957 -35.357208 -0.001187 0.995326 0.096564 3.935240 0.678210 -0.070161 0.731511 75.306550
0.729893 0.068719 -0.680098 -36.072741 -0.002688 0.995215 0.097674 4.020089 0.683556 -0.069464 0.726585 76.069606
0.726320 0.069665 -0.683817 -36.792138 -0.003293 0.995192 0.097889 4.105607 0.687349 -0.068847 0.723057 76.825466
0.722866 0.069182 -0.687516 -37.530353 -0.001760 0.995156 0.098288 4.193305 0.690986 -0.069839 0.719487 77.593409
0.719170 0.068525 -0.691447 -38.279376 -0.000076 0.995133 0.098543 4.282215 0.694834 -0.070817 0.715675 78.364384
0.714433 0.069291 -0.696265 -39.045806 0.000593 0.995024 0.099632 4.373301 0.699704 -0.071593 0.710837 79.144720
0.710634 0.069372 -0.700134 -39.842079 0.000837 0.995043 0.099442 4.468278 0.703562 -0.071253 0.707053 79.945500
0.706582 0.069459 -0.704214 -40.634674 0.001700 0.995001 0.099846 4.562095 0.707630 -0.071746 0.702932 80.731202
0.703604 0.069278 -0.707207 -41.432575 0.002662 0.994972 0.100116 4.656471 0.710588 -0.072324 0.699882 81.514056
0.700216 0.070859 -0.710406 -42.250240 0.002438 0.994819 0.101631 4.753580 0.713927 -0.072895 0.696415 82.309385
0.696221 0.074835 -0.713916 -43.079300 -0.000240 0.994575 0.104021 4.853551 0.717827 -0.072250 0.692462 83.105771
0.692348 0.078289 -0.717304 -43.910887 -0.001365 0.994237 0.107197 4.956457 0.721563 -0.073239 0.688465 83.897439
0.687212 0.080205 -0.722016 -44.716844 -0.000705 0.993960 0.109742 5.058959 0.726457 -0.074907 0.683118 84.657087
0.679997 0.082543 -0.728554 -45.495184 0.000212 0.993621 0.112773 5.159989 0.733215 -0.076840 0.675641 85.379318
0.672301 0.082572 -0.735658 -46.318368 0.003155 0.993431 0.114388 5.268506 0.740271 -0.079224 0.667624 86.119934
0.663629 0.079317 -0.743845 -47.101646 0.007408 0.993617 0.112560 5.370951 0.748025 -0.080208 0.658806 86.807435
0.655577 0.079167 -0.750967 -47.911295 0.009402 0.993556 0.112949 5.474837 0.755070 -0.081107 0.650609 87.505576
0.644677 0.080807 -0.760172 -48.907887 0.009239 0.993501 0.113445 5.603015 0.764399 -0.080159 0.639741 88.346616
0.633269 0.082513 -0.769520 -49.874848 0.009715 0.993375 0.114511 5.726461 0.773871 -0.079992 0.628272 89.137586
0.624382 0.083452 -0.776649 -50.758559 0.009360 0.993406 0.114268 5.838384 0.781063 -0.078616 0.619484 89.839947
0.615985 0.084613 -0.783201 -51.692934 0.012419 0.993048 0.117052 5.956919 0.787660 -0.081828 0.610652 90.570062
0.606734 0.084305 -0.790422 -52.570405 0.015063 0.992962 0.117470 6.069175 0.794762 -0.083179 0.601194 91.237521
0.599673 0.084495 -0.795772 -53.475648 0.016333 0.992911 0.117735 6.184842 0.800079 -0.083600 0.594041 91.915524
0.590861 0.085157 -0.802266 -54.392261 0.016460 0.992934 0.117518 6.301097 0.806605 -0.082642 0.585285 92.585407
0.583112 0.085281 -0.807903 -55.289840 0.016492 0.993027 0.116725 6.413465 0.812224 -0.081388 0.577640 93.226273
0.575546 0.086267 -0.813207 -56.208100 0.015940 0.993048 0.116627 6.527112 0.817614 -0.080087 0.570169 93.869649
0.567884 0.086551 -0.818546 -57.108042 0.016393 0.993070 0.116378 6.637426 0.822946 -0.079507 0.562529 94.486376
0.560986 0.085550 -0.823393 -58.020822 0.018709 0.993082 0.115927 6.748171 0.827614 -0.080438 0.555505 95.097462
0.554806 0.084260 -0.827702 -58.979962 0.021426 0.993081 0.115457 6.863479 0.831704 -0.081791 0.549162 95.727021
0.548223 0.084221 -0.832080 -59.948726 0.022190 0.993101 0.115140 6.978836 0.836038 -0.081586 0.542572 96.352144
0.542448 0.086641 -0.835610 -60.881622 0.019989 0.993055 0.115942 7.089337 0.839852 -0.079596 0.536948 96.946288
0.537461 0.088603 -0.838621 -61.845363 0.018272 0.993008 0.116625 7.204311 0.843090 -0.078005 0.532085 97.555673
0.531932 0.090769 -0.841908 -62.782212 0.016406 0.992947 0.117419 7.316115 0.846628 -0.076271 0.526692 98.136339
0.528513 0.093477 -0.843763 -63.703052 0.013415 0.992875 0.118399 7.426775 0.848819 -0.073895 0.523494 98.704937
0.526021 0.094260 -0.845232 -64.643670 0.014652 0.992687 0.119823 7.540824 0.850346 -0.075414 0.520793 99.279343
0.523867 0.092265 -0.846789 -65.546051 0.019910 0.992518 0.120461 7.650863 0.851568 -0.079964 0.518110 99.821635
0.523526 0.090620 -0.847177 -66.505387 0.025061 0.992260 0.121626 7.768883 0.851641 -0.084906 0.517203 100.396912
0.522456 0.088945 -0.848014 -67.412423 0.027574 0.992262 0.121062 7.880813 0.852220 -0.086633 0.515961 100.939694
0.520931 0.088164 -0.849034 -68.313330 0.029242 0.992225 0.120974 7.991531 0.853098 -0.087847 0.514302 101.479089
0.521061 0.086434 -0.849132 -69.273841 0.032135 0.992167 0.120713 8.109532 0.852914 -0.090186 0.514202 102.051279
0.519240 0.085777 -0.850313 -70.169753 0.034721 0.992012 0.121274 8.219302 0.853923 -0.092494 0.512114 102.585115
0.518063 0.086410 -0.850966 -71.061260 0.036299 0.991767 0.122806 8.329423 0.854572 -0.094510 0.510661 103.115926
0.516256 0.086627 -0.852042 -71.956769 0.037939 0.991581 0.123801 8.441289 0.855593 -0.096239 0.508624 103.645825
0.515376 0.086946 -0.852542 -72.865511 0.041262 0.991168 0.126028 8.556084 0.855970 -0.100129 0.507237 104.179444
0.514705 0.086415 -0.853001 -73.769567 0.043834 0.990954 0.126841 8.672080 0.856246 -0.102676 0.506261 104.709091
0.513972 0.087509 -0.853332 -74.653247 0.044832 0.990683 0.128598 8.786513 0.856635 -0.104352 0.505260 105.226348
0.513547 0.087657 -0.853572 -75.531816 0.045076 0.990639 0.128852 8.901497 0.856876 -0.104647 0.504789 105.739402
0.512749 0.089112 -0.853901 -76.388780 0.044573 0.990494 0.130132 9.014011 0.857381 -0.104786 0.503903 106.237938
0.513374 0.088591 -0.853580 -77.244506 0.043920 0.990641 0.129232 9.126851 0.857041 -0.103833 0.504678 106.734898
0.514933 0.088765 -0.852622 -78.101035 0.042885 0.990712 0.129041 9.239156 0.856157 -0.103012 0.506343 107.233014
0.517078 0.088756 -0.851324 -78.947620 0.041581 0.990830 0.128556 9.349798 0.854928 -0.101872 0.508646 107.725765
0.521316 0.089327 -0.848675 -79.801055 0.039576 0.990905 0.128608 9.461665 0.852445 -0.100633 0.513040 108.230769
0.526336 0.090058 -0.845494 -80.637403 0.038051 0.990884 0.129231 9.571742 0.849425 -0.100191 0.518111 108.730693
0.533063 0.087730 -0.841515 -81.478551 0.038576 0.991055 0.127756 9.682784 0.845195 -0.100564 0.524911 109.240092
0.539293 0.085542 -0.837762 -82.319178 0.038964 0.991227 0.126295 9.792944 0.841216 -0.100753 0.531229 109.759702
0.549416 0.085026 -0.831211 -83.176821 0.037951 0.991243 0.126481 9.905431 0.834686 -0.101036 0.541378 110.304224
0.559447 0.084230 -0.824575 -83.984792 0.037008 0.991293 0.126369 10.011930 0.828040 -0.101213 0.551458 110.828918
0.570080 0.083815 -0.817303 -84.777821 0.034154 0.991505 0.125503 10.116999 0.820879 -0.099461 0.562375 111.359250
0.579732 0.085008 -0.810361 -85.578755 0.029555 0.991695 0.125174 10.223572 0.814271 -0.096517 0.572405 111.911285
0.591790 0.083903 -0.801714 -86.368823 0.025759 0.992092 0.122841 10.328685 0.805680 -0.093348 0.584949 112.471569
0.604083 0.081284 -0.792765 -87.210270 0.023608 0.992523 0.119755 10.439413 0.796572 -0.091058 0.597647 113.085827
0.616148 0.077168 -0.783841 -87.976180 0.024212 0.992863 0.116778 10.538008 0.787258 -0.090931 0.609882 113.663978
0.628639 0.074070 -0.774162 -88.786693 0.024771 0.993042 0.115127 10.641241 0.777303 -0.091550 0.622430 114.294819
0.641002 0.073389 -0.764023 -89.562149 0.023172 0.993114 0.114835 10.740208 0.767190 -0.091314 0.634887 114.922941
0.652874 0.073448 -0.753897 -90.284294 0.020505 0.993209 0.114520 10.833247 0.757189 -0.090226 0.646935 115.529922
0.664040 0.074363 -0.743990 -90.973882 0.016962 0.993288 0.114419 10.922849 0.747505 -0.088599 0.658321 116.127200
0.675270 0.075391 -0.733708 -91.669844 0.013878 0.993287 0.114836 11.014601 0.737440 -0.087728 0.669691 116.747570
0.685464 0.075496 -0.724182 -92.384557 0.011617 0.993349 0.114552 11.110473 0.728014 -0.086934 0.680028 117.404357
0.696542 0.073626 -0.713729 -93.142693 0.011726 0.993421 0.113922 11.213298 0.717420 -0.087720 0.691096 118.118807
0.707444 0.070735 -0.703221 -93.839572 0.013170 0.993487 0.113181 11.308441 0.706647 -0.089331 0.701905 118.798845
0.717895 0.069997 -0.692623 -94.463471 0.012340 0.993496 0.113194 11.393707 0.696042 -0.089808 0.712362 119.421092
0.728269 0.070312 -0.681674 -95.108934 0.010116 0.993511 0.113284 11.483717 0.685217 -0.089397 0.722832 120.087090
0.738611 0.071438 -0.670337 -95.737222 0.006592 0.993556 0.113146 11.572690 0.674100 -0.087990 0.733380 120.755142
0.748755 0.071873 -0.658938 -96.377102 0.004183 0.993572 0.113125 11.665023 0.662833 -0.087459 0.743642 121.458704
0.759203 0.069715 -0.647109 -96.966039 0.004613 0.993645 0.112461 11.751014 0.650837 -0.088366 0.754057 122.127080
0.769642 0.068640 -0.634776 -97.485222 0.004828 0.993550 0.113289 11.828004 0.638458 -0.090257 0.764347 122.739411
0.778287 0.068064 -0.624209 -97.946778 0.004015 0.993548 0.113343 11.897478 0.627896 -0.090719 0.772992 123.298074
0.785856 0.067312 -0.614735 -98.402656 0.002017 0.993774 0.111394 11.966268 0.618406 -0.088780 0.780828 123.860443
0.794267 0.066763 -0.603890 -98.833896 0.000649 0.993850 0.110729 12.031698 0.607569 -0.088340 0.789339 124.412634
0.801458 0.064449 -0.594569 -99.225711 0.001231 0.993997 0.109405 12.090964 0.598050 -0.088415 0.796567 124.925242
0.808762 0.062065 -0.584852 -99.644142 0.001944 0.994129 0.108186 12.154780 0.588132 -0.088633 0.803893 125.486824
0.814233 0.060882 -0.577337 -100.033794 0.001474 0.994266 0.106927 12.213934 0.580536 -0.087915 0.809474 126.020944
0.820908 0.060864 -0.567807 -100.449355 0.000166 0.994279 0.106818 12.277835 0.571060 -0.087782 0.816201 126.603813
0.828556 0.059061 -0.556783 -100.833321 -0.000550 0.994506 0.104674 12.337405 0.559906 -0.086422 0.824037 127.163628
0.835698 0.056214 -0.546305 -101.207096 0.000360 0.994691 0.102903 12.394899 0.549190 -0.086193 0.831241 127.720505
0.844616 0.053042 -0.532739 -101.589788 0.001764 0.994799 0.101842 12.454091 0.535370 -0.086957 0.840129 128.306103
0.854038 0.052078 -0.517596 -101.980057 0.000486 0.994896 0.100903 12.515438 0.520210 -0.086426 0.849654 128.924871
0.861338 0.053018 -0.505259 -102.319812 -0.002304 0.994937 0.100473 12.569041 0.508028 -0.085377 0.857099 129.479055
0.869840 0.054463 -0.490319 -102.666821 -0.005533 0.994902 0.100696 12.625756 0.493303 -0.084877 0.865706 130.070975
0.877353 0.054185 -0.476776 -103.017501 -0.006894 0.994925 0.100387 12.685348 0.479795 -0.084788 0.873274 130.699094
0.885494 0.052407 -0.461686 -103.331067 -0.006891 0.994991 0.099726 12.739575 0.464600 -0.085125 0.881420 131.282901
0.893029 0.049871 -0.447228 -103.626146 -0.005675 0.995009 0.099622 12.792319 0.449964 -0.086428 0.888855 131.861455
0.900401 0.047832 -0.432424 -103.885954 -0.004820 0.994974 0.100022 12.840050 0.435034 -0.087976 0.896106 132.392334
0.907033 0.045605 -0.418582 -104.155521 -0.003575 0.994915 0.100651 12.891765 0.421044 -0.089797 0.902584 132.964498
0.913568 0.044643 -0.404229 -104.421068 -0.003665 0.994820 0.101586 12.945331 0.406670 -0.091325 0.908999 133.555563
0.919663 0.044231 -0.390210 -104.676279 -0.003955 0.994630 0.103420 13.000197 0.392689 -0.093568 0.914899 134.156725
0.924524 0.045572 -0.378389 -104.930006 -0.006230 0.994500 0.104552 13.057162 0.381072 -0.094304 0.919723 134.771231
0.929657 0.045973 -0.365546 -105.180080 -0.008119 0.994500 0.104426 13.115229 0.368336 -0.094112 0.924917 135.395878
0.935057 0.045914 -0.351511 -105.414047 -0.009674 0.994513 0.104167 13.171711 0.354365 -0.094002 0.930370 136.010289
0.940091 0.046127 -0.337789 -105.634143 -0.011335 0.994486 0.104256 13.226699 0.340736 -0.094181 0.935430 136.613208
0.944289 0.047610 -0.325655 -105.856911 -0.013626 0.994288 0.105855 13.285811 0.328835 -0.095520 0.939544 137.256834
0.948409 0.049825 -0.313110 -106.083285 -0.016698 0.994054 0.107604 13.349445 0.316609 -0.096824 0.943601 137.937069
0.952009 0.052247 -0.301577 -106.322042 -0.020061 0.993855 0.108856 13.420171 0.305411 -0.097582 0.947207 138.678539
0.954697 0.052952 -0.292830 -106.528722 -0.021586 0.993771 0.109327 13.483593 0.296795 -0.098053 0.949894 139.343173
0.957574 0.051268 -0.283590 -106.752102 -0.020815 0.993783 0.109373 13.554116 0.287434 -0.098830 0.952688 140.075528
0.960833 0.047399 -0.273043 -106.977441 -0.018476 0.994029 0.107543 13.627287 0.276510 -0.098287 0.955972 140.841836
0.963863 0.044846 -0.262597 -107.191311 -0.017306 0.994187 0.106264 13.698324 0.265836 -0.097879 0.959036 141.602635
0.967056 0.043212 -0.250869 -107.417872 -0.017051 0.994270 0.105533 13.776313 0.253992 -0.097779 0.962251 142.445713
0.970008 0.040767 -0.239631 -107.611570 -0.015960 0.994390 0.104564 13.845482 0.242549 -0.097604 0.965217 143.208523
0.972855 0.038480 -0.228196 -107.793665 -0.014784 0.994399 0.104653 13.914433 0.230945 -0.098439 0.967974 143.977642
0.975883 0.035683 -0.215360 -107.968861 -0.013259 0.994417 0.104685 13.984548 0.217893 -0.099305 0.970907 144.760599
0.978448 0.034898 -0.203522 -108.140538 -0.013634 0.994383 0.104958 14.057700 0.206042 -0.099921 0.973428 145.576646
0.980844 0.034881 -0.191646 -108.301816 -0.014825 0.994350 0.105106 14.130875 0.194230 -0.100252 0.975820 146.393041
0.983161 0.035568 -0.179246 -108.477948 -0.016299 0.994034 0.107848 14.217727 0.182012 -0.103110 0.977875 147.345161
0.985574 0.036879 -0.165178 -108.650411 -0.019081 0.993961 0.108065 14.311213 0.168166 -0.103354 0.980326 148.348663
0.987982 0.038754 -0.149635 -108.796865 -0.022652 0.993909 0.107854 14.397692 0.152903 -0.103168 0.982841 149.281781
0.990193 0.039316 -0.134061 -108.934280 -0.025006 0.993965 0.106807 14.485959 0.137451 -0.102407 0.985201 150.239351
0.992624 0.037281 -0.115359 -109.049909 -0.025296 0.994290 0.103667 14.568751 0.118565 -0.099985 0.987899 151.160262
0.995144 0.032940 -0.092758 -109.143070 -0.023568 0.994670 0.100376 14.646835 0.095570 -0.097702 0.990616 152.065850
0.997283 0.030210 -0.067182 -109.209205 -0.023560 0.994940 0.097668 14.719752 0.069793 -0.095820 0.992949 152.948613
0.998718 0.028912 -0.041557 -109.252223 -0.024784 0.995012 0.096630 14.790719 0.044143 -0.095476 0.994452 153.831982
0.999533 0.026615 -0.015028 -109.268566 -0.025073 0.995173 0.094883 14.859073 0.017480 -0.094461 0.995375 154.700716
0.999676 0.022503 0.011918 -109.259883 -0.023524 0.995307 0.093866 14.927318 -0.009749 -0.094116 0.995514 155.584753
0.999069 0.017461 0.039453 -109.226903 -0.020988 0.995646 0.090821 14.996365 -0.037696 -0.091564 0.995085 156.497054
0.997505 0.011895 0.069588 -109.166805 -0.018101 0.995845 0.089249 15.063411 -0.068237 -0.090286 0.993575 157.411976
0.995077 0.007533 0.098814 -109.077403 -0.016345 0.995926 0.088682 15.130695 -0.097743 -0.089860 0.991147 158.341975
0.991809 0.006951 0.127544 -108.955935 -0.018342 0.995920 0.088354 15.202143 -0.126409 -0.089969 0.987890 159.328426
0.987710 0.007875 0.156101 -108.791545 -0.022027 0.995776 0.089140 15.278117 -0.154739 -0.091483 0.983711 160.371477
0.983565 0.008522 0.180355 -108.608791 -0.025035 0.995674 0.089483 15.353300 -0.178812 -0.092528 0.979523 161.389401
0.979028 0.005751 0.203646 -108.389853 -0.024696 0.995580 0.090612 15.431831 -0.202225 -0.093741 0.974842 162.438919
0.974340 0.002950 0.225064 -108.166388 -0.024060 0.995550 0.091107 15.506245 -0.223794 -0.094184 0.970075 163.417536
0.968681 0.001811 0.248303 -107.868826 -0.025321 0.995481 0.091522 15.596913 -0.247015 -0.094943 0.964349 164.586412
0.962555 -0.000132 0.271087 -107.586602 -0.025502 0.995521 0.091035 15.676990 -0.269885 -0.094540 0.958240 165.614768
0.955726 -0.001658 0.294254 -107.254168 -0.026682 0.995376 0.092271 15.761599 -0.293047 -0.096037 0.951263 166.692563
0.948585 -0.002480 0.316511 -106.927312 -0.028205 0.995329 0.092328 15.841270 -0.315262 -0.096508 0.944085 167.690080
0.941328 -0.003020 0.337479 -106.567688 -0.029631 0.995359 0.091554 15.923854 -0.336189 -0.096182 0.936870 168.716370
0.934127 -0.003237 0.356927 -106.206235 -0.031683 0.995260 0.091943 16.000366 -0.355533 -0.097195 0.929596 169.668971
0.927759 -0.003060 0.373168 -105.757305 -0.033407 0.995271 0.091217 16.094069 -0.371683 -0.097093 0.923269 170.813187
0.921140 -0.003587 0.389214 -105.300521 -0.034636 0.995235 0.091143 16.184112 -0.387687 -0.097436 0.916627 171.914880
0.914147 -0.003493 0.405368 -104.804206 -0.036748 0.995132 0.091445 16.278847 -0.403714 -0.098490 0.909568 173.062039
0.906182 -0.001033 0.422887 -104.284539 -0.041237 0.995015 0.090796 16.374287 -0.420872 -0.099716 0.901622 174.207455
0.899821 0.002556 0.436251 -103.700013 -0.046272 0.994901 0.089613 16.476878 -0.433798 -0.100822 0.895352 175.437052
0.894489 0.005072 0.447062 -103.150509 -0.049982 0.994802 0.088718 16.568139 -0.444288 -0.101702 0.890093 176.545757
0.889399 0.006662 0.457083 -102.559156 -0.052546 0.994756 0.087746 16.663791 -0.454101 -0.102059 0.885085 177.711546
0.883473 0.007194 0.468427 -101.898272 -0.054182 0.994741 0.086913 16.766951 -0.465338 -0.102166 0.879217 178.973627
0.876698 0.003873 0.481026 -101.224287 -0.051901 0.994892 0.086581 16.868292 -0.478233 -0.100871 0.872421 180.217928
0.870151 0.000543 0.492785 -100.487848 -0.049370 0.995064 0.086081 16.976007 -0.490306 -0.099232 0.865883 181.533371
0.863223 0.001190 0.504822 -99.736721 -0.051705 0.994947 0.086066 17.082841 -0.502169 -0.100396 0.858922 182.835020
0.857835 0.002792 0.513918 -99.068977 -0.054255 0.994889 0.085159 17.175461 -0.511054 -0.100935 0.853602 183.964195
0.850213 0.000712 0.526439 -98.364821 -0.051987 0.995225 0.082614 17.269803 -0.523866 -0.097608 0.846190 185.125846
0.842237 -0.001129 0.539106 -97.528198 -0.050208 0.995487 0.080523 17.376470 -0.536764 -0.094887 0.838380 186.464706
0.834790 -0.000009 0.550569 -96.789349 -0.051221 0.995662 0.077680 17.465023 -0.548181 -0.093048 0.831168 187.612569
0.827601 0.001493 0.561315 -96.041021 -0.054026 0.995566 0.077008 17.549082 -0.558711 -0.094057 0.824012 188.734879
0.819828 0.000991 0.572608 -95.274963 -0.054392 0.995611 0.076153 17.632238 -0.570020 -0.093578 0.816284 189.848680
0.812508 0.002143 0.582947 -94.508674 -0.057792 0.995363 0.076892 17.712848 -0.580079 -0.096165 0.808864 190.928196
0.802684 0.005290 0.596381 -93.648910 -0.062442 0.995210 0.075215 17.802574 -0.593127 -0.097613 0.799170 192.108698
0.792699 0.006350 0.609580 -92.777910 -0.064152 0.995262 0.073056 17.889029 -0.606228 -0.097017 0.789351 193.266092
0.778557 0.005054 0.627554 -91.894216 -0.063050 0.995538 0.070203 17.971044 -0.624399 -0.094224 0.775402 194.394596
0.763259 0.005551 0.646068 -91.025665 -0.063555 0.995758 0.066527 18.044976 -0.642959 -0.091838 0.760375 195.452783
0.745761 0.005728 0.666189 -90.191375 -0.064444 0.995894 0.063578 18.109084 -0.663090 -0.090346 0.743068 196.419092
0.728291 0.005983 0.685242 -89.247784 -0.065092 0.996044 0.060485 18.175672 -0.682170 -0.088654 0.725799 197.454911
0.709604 0.004685 0.704585 -88.402546 -0.064803 0.996174 0.058641 18.229214 -0.701614 -0.087271 0.707193 198.330245
0.692410 0.004077 0.721493 -87.457402 -0.064751 0.996300 0.056511 18.285696 -0.718593 -0.085846 0.690112 199.262878
0.676217 0.004651 0.736688 -86.510885 -0.067734 0.996137 0.055885 18.338685 -0.733582 -0.087689 0.673920 200.154585
0.659418 0.006492 0.751749 -85.583127 -0.071381 0.995986 0.054012 18.388482 -0.748380 -0.089277 0.657234 200.993486
0.641871 0.006855 0.766782 -84.652209 -0.073320 0.995927 0.052473 18.435413 -0.763299 -0.089901 0.639759 201.800108
0.624408 0.007161 0.781066 -83.744571 -0.075390 0.995842 0.051138 18.478460 -0.777452 -0.090815 0.622351 202.551911
0.606909 0.006285 0.794746 -82.838982 -0.075052 0.995953 0.049437 18.518911 -0.791220 -0.089651 0.604925 203.268501
0.590496 0.005880 0.807019 -81.857697 -0.074548 0.996096 0.047288 18.560460 -0.803590 -0.088085 0.588629 204.015367
0.573989 0.005854 0.818842 -80.865781 -0.076030 0.996036 0.046175 18.599039 -0.815326 -0.088760 0.572159 204.733950
0.558748 0.006731 0.829310 -79.881617 -0.078615 0.995894 0.044884 18.635660 -0.825603 -0.090275 0.556983 205.421506
0.545395 0.008334 0.838138 -78.825541 -0.081955 0.995689 0.043429 18.673461 -0.834163 -0.092376 0.543727 206.136025
0.530620 0.010013 0.847551 -77.766685 -0.084062 0.995622 0.040866 18.708628 -0.843431 -0.092931 0.529139 206.826482
0.513997 0.010629 0.857726 -76.685157 -0.083708 0.995772 0.037823 18.740209 -0.853698 -0.091239 0.512714 207.498924
0.498698 0.012463 0.866686 -75.480977 -0.082927 0.995996 0.033395 18.770848 -0.862800 -0.088526 0.497735 208.217684
0.482426 0.015628 0.875797 -74.202721 -0.080675 0.996384 0.026660 18.795990 -0.872214 -0.083517 0.481942 208.950170
0.466322 0.019169 0.884407 -72.890736 -0.077359 0.996819 0.019184 18.811283 -0.881226 -0.077363 0.466322 209.670526
0.449485 0.023970 0.892966 -71.719071 -0.075564 0.997077 0.011271 18.813792 -0.890086 -0.072542 0.449983 210.283995
0.428540 0.028002 0.903089 -70.495923 -0.076788 0.997032 0.005523 18.806104 -0.900254 -0.071713 0.429419 210.889595
0.411770 0.032976 0.910691 -69.321816 -0.078224 0.996936 -0.000730 18.790704 -0.907924 -0.070938 0.413088 211.437291
0.393626 0.035860 0.918571 -68.136553 -0.076640 0.997040 -0.006081 18.767630 -0.916070 -0.068006 0.395209 211.965530
0.373402 0.037874 0.926896 -66.927222 -0.073774 0.997214 -0.011027 18.737147 -0.924732 -0.064264 0.375156 212.471517
0.351994 0.038979 0.935190 -65.804749 -0.069651 0.997453 -0.015358 18.703401 -0.933407 -0.059731 0.353812 212.918436
0.331039 0.041374 0.942710 -64.649945 -0.066327 0.997587 -0.020491 18.663605 -0.941283 -0.055744 0.332985 213.349832
0.307784 0.042285 0.950516 -63.591248 -0.063789 0.997681 -0.023728 18.621557 -0.949316 -0.053330 0.309768 213.714439
0.284361 0.043209 0.957743 -62.522448 -0.062239 0.997709 -0.026533 18.575958 -0.956695 -0.052064 0.286399 214.053359
0.260945 0.042745 0.964407 -61.526425 -0.061429 0.997730 -0.027600 18.530856 -0.963397 -0.052041 0.262979 214.338841
0.237745 0.042291 0.970406 -60.385524 -0.062159 0.997666 -0.028251 18.479180 -0.969337 -0.053603 0.239819 214.639272
0.213857 0.040514 0.976024 -59.293289 -0.061467 0.997718 -0.027946 18.429317 -0.974929 -0.054017 0.215859 214.897494
0.189585 0.040177 0.981042 -58.147869 -0.058003 0.997876 -0.029658 18.377170 -0.980150 -0.051281 0.191512 215.138763
0.166338 0.039302 0.985285 -57.088382 -0.055565 0.997991 -0.030428 18.327315 -0.984502 -0.049686 0.168188 215.335181
0.145297 0.039846 0.988585 -55.908724 -0.058057 0.997810 -0.031685 18.271592 -0.987683 -0.052790 0.147292 215.529170
0.120581 0.041041 0.991855 -54.556284 -0.063806 0.997399 -0.033514 18.205740 -0.990651 -0.059245 0.122886 215.708197
0.100463 0.042480 0.994033 -53.384970 -0.069235 0.996965 -0.035608 18.146732 -0.992529 -0.065244 0.103099 215.846079
0.077439 0.044142 0.996019 -52.050688 -0.071252 0.996710 -0.038633 18.076839 -0.994448 -0.067976 0.080330 215.971421
0.057207 0.045392 0.997330 -50.809980 -0.071697 0.996573 -0.041245 18.008080 -0.995785 -0.069146 0.060265 216.061506
0.037509 0.045909 0.998241 -49.588846 -0.070308 0.996590 -0.043191 17.937275 -0.996820 -0.068564 0.040609 216.123723
0.017612 0.044663 0.998847 -48.366677 -0.069395 0.996647 -0.043341 17.864444 -0.997434 -0.068552 0.020652 216.158889
-0.005660 0.042748 0.999070 -47.216713 -0.066516 0.996857 -0.043030 17.795590 -0.997769 -0.066698 -0.002799 216.166430
-0.027384 0.041614 0.998758 -46.144980 -0.065025 0.996943 -0.043321 17.731352 -0.997508 -0.066131 -0.024595 216.149231
-0.048811 0.037352 0.998109 -45.095845 -0.064872 0.997072 -0.040485 17.668322 -0.996699 -0.066726 -0.046245 216.100099
-0.069535 0.038202 0.996848 -44.006080 -0.066736 0.996850 -0.042857 17.604787 -0.995345 -0.069505 -0.066766 216.032059
-0.093040 0.034858 0.995052 -42.548160 -0.068046 0.996828 -0.041282 17.518436 -0.993334 -0.071551 -0.090373 215.902982
-0.112484 0.034009 0.993071 -41.139394 -0.064707 0.997042 -0.041475 17.437125 -0.991544 -0.068924 -0.109951 215.754951
-0.131890 0.030760 0.990787 -39.660317 -0.060260 0.997421 -0.038988 17.352518 -0.989431 -0.064847 -0.129696 215.571000
-0.145445 0.029279 0.988933 -38.563042 -0.057257 0.997638 -0.037957 17.291520 -0.987708 -0.062144 -0.143425 215.418799
-0.158235 0.026859 0.987036 -37.440201 -0.053582 0.997923 -0.035745 17.231008 -0.985947 -0.058543 -0.156467 215.251804
-0.167873 0.025239 0.985485 -36.379850 -0.053374 0.997973 -0.034651 17.176068 -0.984363 -0.058416 -0.166186 215.087109
-0.175037 0.022436 0.984306 -35.363816 -0.056286 0.997877 -0.032755 17.124263 -0.982952 -0.061136 -0.173402 214.915606
-0.181435 0.021324 0.983172 -34.396205 -0.057558 0.997821 -0.032264 17.076127 -0.981717 -0.062443 -0.179813 214.745568
-0.183374 0.020406 0.982831 -33.372248 -0.061447 0.997592 -0.032176 17.025888 -0.981121 -0.066292 -0.181678 214.561939
-0.188342 0.016293 0.981968 -32.338527 -0.070177 0.997083 -0.030003 16.975442 -0.979593 -0.074563 -0.186649 214.367304
-0.191661 0.014425 0.981355 -31.334053 -0.073827 0.996847 -0.029071 16.928028 -0.978680 -0.078023 -0.189992 214.172729
-0.193493 0.013125 0.981014 -30.418149 -0.066075 0.997466 -0.026378 16.885600 -0.978874 -0.069924 -0.192136 213.989328
-0.196700 0.012201 0.980388 -29.392284 -0.056765 0.998104 -0.023810 16.841389 -0.978819 -0.060335 -0.195635 213.782129
-0.198893 0.009757 0.979973 -28.322141 -0.053485 0.998352 -0.020796 16.798127 -0.978561 -0.056550 -0.198044 213.559000
-0.200644 0.009600 0.979617 -27.334019 -0.055989 0.998205 -0.021250 16.760111 -0.978063 -0.059111 -0.199746 213.354592
-0.200623 0.008438 0.979632 -26.261741 -0.060358 0.997957 -0.020957 16.719077 -0.977807 -0.063333 -0.199704 213.132948
-0.198269 0.009720 0.980099 -25.197723 -0.063384 0.997731 -0.022717 16.678036 -0.978096 -0.066627 -0.197203 212.914963
-0.197674 0.012187 0.980192 -24.216837 -0.064985 0.997560 -0.025508 16.637672 -0.978111 -0.068740 -0.196400 212.715617
-0.195372 0.012921 0.980644 -23.236368 -0.067158 0.997390 -0.026521 16.595012 -0.978427 -0.071040 -0.193994 212.516466
-0.193499 0.014295 0.980996 -22.200899 -0.069103 0.997212 -0.028162 16.548877 -0.978664 -0.073239 -0.191972 212.307924
-0.190439 0.015871 0.981571 -21.219779 -0.070865 0.997039 -0.029870 16.503980 -0.979138 -0.075247 -0.188750 212.120757
-0.186085 0.017318 0.982381 -20.293785 -0.069845 0.997082 -0.030808 16.460184 -0.980048 -0.074348 -0.184332 211.949560
-0.181564 0.018577 0.983204 -19.285119 -0.067892 0.997199 -0.031379 16.412221 -0.981033 -0.072449 -0.179795 211.769185
-0.176074 0.016644 0.984236 -18.291526 -0.067304 0.997314 -0.028905 16.365191 -0.982073 -0.071333 -0.174480 211.594579
-0.170075 0.016275 0.985297 -17.317144 -0.068302 0.997264 -0.028263 16.321144 -0.983061 -0.072105 -0.168498 211.432026
-0.164759 0.014764 0.986223 -16.373583 -0.067811 0.997353 -0.026259 16.279596 -0.984000 -0.071203 -0.163322 211.281564
-0.157728 0.015464 0.987361 -15.494047 -0.067742 0.997352 -0.026442 16.241912 -0.985156 -0.071057 -0.156263 211.149169
-0.152453 0.014859 0.988199 -14.666430 -0.066042 0.997499 -0.025188 16.206509 -0.986102 -0.069102 -0.151090 211.029555
-0.148335 0.013336 0.988847 -13.780422 -0.065587 0.997575 -0.023292 16.169937 -0.986760 -0.068311 -0.147101 210.902463
-0.142201 0.013362 0.989748 -12.928261 -0.066565 0.997516 -0.023030 16.135552 -0.987597 -0.069158 -0.140959 210.782497
-0.136317 0.012170 0.990590 -12.001184 -0.068974 0.997381 -0.021745 16.099096 -0.988261 -0.071289 -0.135121 210.657168
-0.129227 0.011686 0.991546 -10.936341 -0.070897 0.997263 -0.020993 16.059332 -0.989077 -0.073010 -0.128045 210.522941
-0.120742 0.012657 0.992603 -9.842006 -0.072941 0.997103 -0.021587 16.019314 -0.990001 -0.075008 -0.119469 210.396823
-0.113057 0.013844 0.993492 -8.890239 -0.074075 0.997003 -0.022322 15.983181 -0.990823 -0.076117 -0.111693 210.293644
-0.105366 0.013971 0.994335 -7.878203 -0.074207 0.997003 -0.021872 15.944860 -0.991661 -0.076091 -0.104013 210.193075
-0.098240 0.013721 0.995068 -6.928366 -0.072832 0.997124 -0.020939 15.909231 -0.992494 -0.074530 -0.096958 210.105686
-0.091304 0.012639 0.995743 -6.039728 -0.071731 0.997239 -0.019235 15.876206 -0.993236 -0.073182 -0.090146 210.024649
-0.083302 0.011740 0.996455 -5.117394 -0.071241 0.997302 -0.017706 15.844162 -0.993975 -0.072464 -0.082241 209.953287
-0.075417 0.010589 0.997096 -4.174730 -0.072620 0.997230 -0.016084 15.812379 -0.994504 -0.073622 -0.074440 209.881063
-0.066888 0.007605 0.997731 -3.200977 -0.073944 0.997183 -0.012558 15.781931 -0.995017 -0.074616 -0.066138 209.814406
