1.000000 0.000000 0.000000 0.000000 0.000000 1.000000 0.000000 0.000000 0.000000 0.000000 1.000000 0.000000
0.999999 -0.001593 0.000252 -0.006907 0.001594 0.999994 -0.003136 -0.015160 -0.000247 0.003137 0.999995 0.818174
0.999997 -0.002612 0.000344 -0.014581 0.002614 0.999977 -0.006306 -0.033031 -0.000328 0.006307 0.999980 1.644755
0.999995 -0.002329 0.001927 -0.020364 0.002344 0.999967 -0.007835 -0.052067 -0.001909 0.007840 0.999967 2.419977
0.999993 -0.001804 0.003356 -0.023259 0.001838 0.999945 -0.010311 -0.072323 -0.003337 0.010317 0.999941 3.180172
0.999987 -0.002177 0.004664 -0.021644 0.002227 0.999939 -0.010863 -0.093289 -0.004640 0.010873 0.999930 3.915015
0.999970 -0.002877 0.007137 -0.017211 0.002954 0.999938 -0.010715 -0.112517 -0.007106 0.010735 0.999917 4.566010
0.999947 -0.004825 0.009065 -0.014406 0.004926 0.999926 -0.011127 -0.131847 -0.009010 0.011171 0.999897 5.219156
0.999889 -0.008641 0.012121 -0.009928 0.008766 0.999909 -0.010269 -0.150468 -0.012031 0.010375 0.999874 5.848349
0.999820 -0.012374 0.014413 -0.002389 0.012510 0.999877 -0.009413 -0.168756 -0.014294 0.009591 0.999852 6.486308
0.999764 -0.014863 0.015823 0.005694 0.014998 0.999852 -0.008437 -0.185651 -0.015695 0.008673 0.999839 7.086280
0.999717 -0.015490 0.018067 0.014768 0.015630 0.999849 -0.007647 -0.202846 -0.017946 0.007927 0.999808 7.725394
0.999719 -0.013363 0.019579 0.022843 0.013529 0.999873 -0.008383 -0.219589 -0.019465 0.008645 0.999773 8.341216
0.999729 -0.010898 0.020560 0.031601 0.011053 0.999911 -0.007441 -0.234802 -0.020477 0.007667 0.999761 8.888191
0.999700 -0.009515 0.022560 0.041433 0.009649 0.999937 -0.005805 -0.247518 -0.022504 0.006021 0.999729 9.345726
0.999667 -0.007569 0.024676 0.060646 0.007618 0.999969 -0.001915 -0.258187 -0.024661 0.002102 0.999694 9.769338
0.999597 -0.006452 0.027633 0.071236 0.006438 0.999979 0.000607 -0.266070 -0.027637 -0.000429 0.999618 10.081175
0.999548 -0.004845 0.029680 0.078306 0.004971 0.999979 -0.004192 -0.276396 -0.029659 0.004338 0.999551 10.464603
0.999464 -0.003737 0.032523 0.082976 0.004010 0.999957 -0.008336 -0.287356 -0.032491 0.008462 0.999436 10.785537
0.999335 -0.004619 0.036175 0.087902 0.004968 0.999942 -0.009545 -0.297171 -0.036128 0.009718 0.999300 11.032641
0.999187 -0.005720 0.039920 0.099707 0.005937 0.999968 -0.005308 -0.305091 -0.039888 0.005541 0.999189 11.261299
0.999081 -0.005788 0.042458 0.107926 0.005825 0.999983 -0.000746 -0.310924 -0.042453 0.000993 0.999098 11.430323
0.998992 -0.007488 0.044255 0.113194 0.007381 0.999969 0.002580 -0.316082 -0.044273 -0.002250 0.999017 11.575293
0.998868 -0.008784 0.046740 0.116501 0.008632 0.999957 0.003457 -0.321291 -0.046768 -0.003049 0.998901 11.690926
0.998806 -0.007845 0.048216 0.116553 0.007752 0.999968 0.002112 -0.326972 -0.048231 -0.001736 0.998835 11.784887
0.998716 -0.006418 0.050256 0.117789 0.006355 0.999979 0.001399 -0.332571 -0.050264 -0.001078 0.998735 11.877380
0.998623 -0.005186 0.052196 0.120083 0.005212 0.999986 -0.000359 -0.338659 -0.052193 0.000631 0.998637 11.975584
0.998546 -0.004220 0.053740 0.119031 0.004416 0.999984 -0.003532 -0.345210 -0.053724 0.003765 0.998549 12.061904
0.998511 -0.002831 0.054486 0.114806 0.003057 0.999987 -0.004070 -0.350516 -0.054474 0.004230 0.998506 12.107702
0.998451 -0.000673 0.055631 0.112978 0.000872 0.999993 -0.003543 -0.355523 -0.055629 0.003586 0.998445 12.154898
0.998408 0.000695 0.056407 0.112184 -0.000580 0.999998 -0.002047 -0.360352 -0.056409 0.002011 0.998406 12.212430
0.998346 0.001952 0.057465 0.110693 -0.001901 0.999998 -0.000936 -0.365177 -0.057466 0.000825 0.998347 12.267404
0.998290 0.003382 0.058363 0.108098 -0.003320 0.999994 -0.001151 -0.370207 -0.058366 0.000956 0.998295 12.309844
0.998221 0.005668 0.059360 0.105543 -0.005595 0.999983 -0.001400 -0.375236 -0.059367 0.001065 0.998236 12.350779
0.998165 0.008013 0.060027 0.102547 -0.007932 0.999967 -0.001604 -0.380148 -0.060038 0.001125 0.998195 12.383821
0.998122 0.010456 0.060364 0.101162 -0.010486 0.999945 0.000165 -0.384731 -0.060359 -0.000798 0.998176 12.441180
0.998194 0.012300 0.058801 0.099671 -0.012442 0.999920 0.002059 -0.389203 -0.058771 -0.002787 0.998268 12.502016
0.998321 0.013795 0.056249 0.094324 -0.013977 0.999898 0.002848 -0.393581 -0.056204 -0.003630 0.998413 12.533689
0.998473 0.014633 0.053273 0.089574 -0.014825 0.999885 0.003214 -0.398203 -0.053220 -0.003999 0.998575 12.579936
0.998701 0.016272 0.048277 0.080022 -0.016428 0.999861 0.002843 -0.402720 -0.048224 -0.003632 0.998830 12.597791
0.998947 0.017568 0.042380 0.072224 -0.017705 0.999839 0.002854 -0.407423 -0.042323 -0.003601 0.999098 12.649238
0.999197 0.018305 0.035634 0.064524 -0.018449 0.999823 0.003706 -0.411810 -0.035560 -0.004360 0.999358 12.693958
0.999397 0.019434 0.028768 0.056263 -0.019549 0.999802 0.003744 -0.416319 -0.028689 -0.004305 0.999579 12.726638
0.999583 0.020315 0.020504 0.046916 -0.020402 0.999784 0.004059 -0.420762 -0.020417 -0.004475 0.999782 12.768084
0.999688 0.022400 0.011081 0.038797 -0.022461 0.999733 0.005383 -0.424854 -0.010957 -0.005631 0.999924 12.799586
0.999709 0.024005 -0.002459 0.029869 -0.023987 0.999687 0.007047 -0.429120 0.002628 -0.006985 0.999972 12.884885
0.999479 0.026052 -0.019028 0.019321 -0.025887 0.999625 0.008894 -0.433360 0.019252 -0.008397 0.999779 13.001981
0.998868 0.027817 -0.038585 0.004014 -0.027466 0.999577 0.009589 -0.437682 0.038836 -0.008518 0.999209 13.124149
0.997635 0.027850 -0.062834 -0.017128 -0.027283 0.999579 0.009858 -0.441956 0.063082 -0.008120 0.997975 13.248674
0.995671 0.027121 -0.088899 -0.043549 -0.026272 0.999598 0.010705 -0.445914 0.089154 -0.008323 0.995983 13.372542
0.992865 0.026238 -0.116318 -0.077810 -0.025194 0.999628 0.010430 -0.450046 0.116548 -0.007425 0.993157 13.506733
0.988344 0.024759 -0.150211 -0.120772 -0.023351 0.999665 0.011133 -0.453616 0.150436 -0.007496 0.988591 13.609154
0.982390 0.022540 -0.185477 -0.187531 -0.020691 0.999715 0.011902 -0.456930 0.185693 -0.007855 0.982577 13.803036
0.974054 0.019984 -0.225430 -0.270395 -0.017646 0.999768 0.012382 -0.460102 0.225625 -0.008083 0.974181 14.008961
0.963784 0.016400 -0.266179 -0.367062 -0.013418 0.999825 0.013020 -0.463158 0.266346 -0.008977 0.963836 14.228403
0.951225 0.012942 -0.308226 -0.475983 -0.009971 0.999887 0.011212 -0.466910 0.308336 -0.007592 0.951247 14.439006
0.935446 0.009862 -0.353333 -0.605565 -0.006904 0.999930 0.009630 -0.471053 0.353403 -0.006569 0.935448 14.663362
0.916843 0.005809 -0.399207 -0.753559 -0.002381 0.999956 0.009083 -0.475428 0.399242 -0.007377 0.916816 14.901667
0.894916 0.000455 -0.446234 -0.924248 0.003587 0.999960 0.008214 -0.480212 0.446220 -0.008952 0.894879 15.146881
0.870809 -0.004441 -0.491601 -1.105333 0.008539 0.999945 0.006094 -0.485912 0.491547 -0.009505 0.870799 15.380305
0.843209 -0.008366 -0.537521 -1.303289 0.011532 0.999930 0.002526 -0.492817 0.537463 -0.008329 0.843247 15.594510
0.812186 -0.010951 -0.583295 -1.525732 0.013008 0.999915 -0.000660 -0.501020 0.583253 -0.007051 0.812260 15.819598
0.777008 -0.012748 -0.629362 -1.760130 0.012836 0.999908 -0.004407 -0.510429 0.629360 -0.004654 0.777100 16.027910
0.738970 -0.014571 -0.673581 -2.033933 0.013615 0.999885 -0.006694 -0.521162 0.673601 -0.004224 0.739083 16.252002
0.697900 -0.016875 -0.715997 -2.334886 0.014551 0.999850 -0.009382 -0.533207 0.716048 -0.003871 0.698041 16.471058
0.654395 -0.018047 -0.755938 -2.642794 0.015510 0.999825 -0.010443 -0.545729 0.755994 -0.004891 0.654560 16.675796
0.608477 -0.017907 -0.793369 -3.006438 0.015330 0.999824 -0.010810 -0.559692 0.793423 -0.005585 0.608645 16.893527
0.562453 -0.016031 -0.826674 -3.374754 0.014968 0.999846 -0.009205 -0.573142 0.826694 -0.007196 0.562606 17.098833
0.513495 -0.014527 -0.857969 -3.783680 0.016488 0.999839 -0.007061 -0.586439 0.857934 -0.010520 0.513652 17.298083
0.462714 -0.014835 -0.886383 -4.199016 0.016397 0.999832 -0.008174 -0.599776 0.886356 -0.010752 0.462880 17.464570
0.407700 -0.014700 -0.912997 -4.624601 0.015228 0.999841 -0.009298 -0.613644 0.912989 -0.010112 0.407859 17.607923
0.348926 -0.012339 -0.937069 -5.097019 0.014238 0.999868 -0.007864 -0.628007 0.937042 -0.010598 0.349055 17.740519
0.290008 -0.009992 -0.956972 -5.605405 0.013758 0.999886 -0.006271 -0.642177 0.956925 -0.011348 0.290112 17.853309
0.232892 -0.008430 -0.972466 -6.147822 0.011782 0.999914 -0.005846 -0.656423 0.972431 -0.010096 0.232971 17.940497
0.175542 -0.010758 -0.984413 -6.692998 0.014882 0.999855 -0.008273 -0.671228 0.984359 -0.013198 0.175677 17.996307
0.119962 -0.011582 -0.992711 -7.281600 0.018547 0.999784 -0.009423 -0.687970 0.992605 -0.017282 0.120151 18.032125
0.067953 -0.009020 -0.997648 -7.841108 0.019178 0.999786 -0.007733 -0.703969 0.997504 -0.018607 0.068111 18.036867
0.021853 -0.008866 -0.999722 -8.417993 0.018636 0.999791 -0.008459 -0.720224 0.999588 -0.018446 0.022013 18.015376
-0.020895 -0.010757 -0.999724 -9.063829 0.016761 0.999798 -0.011108 -0.738971 0.999641 -0.016989 -0.020711 17.969546
-0.059344 -0.014288 -0.998135 -9.736734 0.010981 0.999828 -0.014965 -0.760416 0.998177 -0.011848 -0.059177 17.897122
-0.090791 -0.017261 -0.995720 -10.421038 0.008917 0.999796 -0.018144 -0.784317 0.995830 -0.010526 -0.090619 17.825885
-0.112230 -0.020055 -0.993480 -11.238158 0.012828 0.999684 -0.021629 -0.814602 0.993599 -0.015172 -0.111938 17.734237
-0.124888 -0.020371 -0.991962 -12.008864 0.019392 0.999548 -0.022968 -0.845550 0.991981 -0.022105 -0.124436 17.632034
-0.133279 -0.019969 -0.990877 -12.760551 0.021988 0.999491 -0.023100 -0.876561 0.990835 -0.024866 -0.132772 17.527662
-0.140057 -0.019644 -0.989949 -13.452493 0.018739 0.999572 -0.022486 -0.905339 0.989966 -0.021700 -0.139629 17.428880
-0.141157 -0.012755 -0.989905 -14.237161 0.014780 0.999778 -0.014990 -0.934582 0.989877 -0.016746 -0.140937 17.322629
-0.137435 0.000747 -0.990510 -15.111201 0.012056 0.999927 -0.000919 -0.958147 0.990437 -0.012068 -0.137434 17.209328
-0.132037 0.003444 -0.991239 -15.987251 0.011886 0.999928 0.001891 -0.973094 0.991174 -0.011532 -0.132068 17.092434
-0.126793 0.000521 -0.991929 -16.866530 0.011173 0.999937 -0.000903 -0.987424 0.991866 -0.011197 -0.126791 16.972999
-0.121610 0.005151 -0.992565 -17.747727 0.005725 0.999974 0.004488 -1.001530 0.992562 -0.005137 -0.121636 16.860386
-0.119303 0.002914 -0.992854 -18.641545 -0.004441 0.999984 0.003469 -1.012966 0.992848 0.004824 -0.119288 16.737165
-0.120223 -0.006969 -0.992722 -19.663281 -0.012290 0.999909 -0.005531 -1.028900 0.992671 0.011536 -0.120298 16.597796
-0.122094 -0.015238 -0.992402 -20.461934 -0.015620 0.999788 -0.013430 -1.049849 0.992396 0.013861 -0.122306 16.491626
-0.126632 -0.025612 -0.991619 -21.392751 -0.009521 0.999652 -0.024604 -1.081455 0.991904 0.006325 -0.126832 16.361224
-0.130511 -0.030778 -0.990969 -22.392590 -0.000950 0.999521 -0.030918 -1.124661 0.991446 -0.003094 -0.130478 16.220692
-0.135197 -0.031265 -0.990325 -23.402472 0.008947 0.999423 -0.032774 -1.173315 0.990778 -0.013291 -0.134839 16.074989
-0.136422 -0.031491 -0.990150 -24.347289 0.019676 0.999211 -0.034490 -1.221007 0.990455 -0.024187 -0.135694 15.936313
-0.138596 -0.028747 -0.989932 -25.292514 0.028066 0.999063 -0.032941 -1.269342 0.989951 -0.032349 -0.137659 15.801334
-0.140422 -0.027250 -0.989717 -26.222125 0.029503 0.999062 -0.031693 -1.315655 0.989652 -0.033650 -0.139487 15.666861
-0.142205 -0.028876 -0.989416 -27.181513 0.026559 0.999103 -0.032976 -1.363006 0.989481 -0.030967 -0.141311 15.525196
-0.145677 -0.033297 -0.988772 -28.245384 0.021784 0.999083 -0.036854 -1.417338 0.989092 -0.026908 -0.144818 15.360599
-0.150242 -0.034397 -0.988051 -29.302323 0.015686 0.999186 -0.037170 -1.474258 0.988525 -0.021083 -0.149580 15.195695
-0.156448 -0.033936 -0.987103 -30.344119 0.012037 0.999270 -0.036262 -1.530329 0.987613 -0.017555 -0.155925 15.028730
-0.163488 -0.036160 -0.985882 -31.413021 0.008712 0.999236 -0.038094 -1.587740 0.986507 -0.014817 -0.163048 14.843265
-0.170103 -0.034904 -0.984808 -32.473375 0.012000 0.999225 -0.037488 -1.645886 0.985353 -0.018195 -0.169552 14.658432
-0.177257 -0.036063 -0.983504 -33.549219 0.016903 0.999069 -0.039680 -1.705219 0.984020 -0.023658 -0.176482 14.453341
-0.183501 -0.037866 -0.982290 -34.599291 0.020292 0.998899 -0.042297 -1.765892 0.982810 -0.027695 -0.182531 14.248314
-0.187392 -0.041327 -0.981415 -35.680061 0.022387 0.998675 -0.046329 -1.831697 0.982030 -0.030653 -0.186219 14.030002
-0.190726 -0.045535 -0.980587 -36.691021 0.024434 0.998394 -0.051114 -1.898109 0.981339 -0.033708 -0.189307 13.822748
-0.191890 -0.050252 -0.980129 -37.742880 0.025279 0.998104 -0.056123 -1.972296 0.981091 -0.035546 -0.190256 13.603149
-0.193863 -0.051784 -0.979661 -38.757361 0.025662 0.997997 -0.057831 -2.048170 0.980693 -0.036351 -0.192146 13.392299
-0.194789 -0.053022 -0.979411 -39.806086 0.024954 0.997947 -0.058989 -2.128128 0.980528 -0.035930 -0.193066 13.172582
-0.195195 -0.055909 -0.979170 -40.854794 0.024786 0.997774 -0.061912 -2.209910 0.980451 -0.036355 -0.193374 12.952912
-0.196587 -0.058857 -0.978718 -41.889820 0.024575 0.997587 -0.064928 -2.293787 0.980178 -0.036816 -0.194667 12.737950
-0.195609 -0.066349 -0.978435 -42.945503 0.021750 0.997170 -0.071968 -2.383930 0.980441 -0.035358 -0.193612 12.515295
-0.195524 -0.072804 -0.977993 -43.995411 0.017590 0.996820 -0.077722 -2.480755 0.980541 -0.032400 -0.193622 12.295451
-0.193845 -0.075653 -0.978111 -45.035341 0.016642 0.996625 -0.080383 -2.581767 0.980891 -0.031859 -0.191932 12.079646
-0.192741 -0.076379 -0.978273 -46.085600 0.020672 0.996429 -0.081869 -2.686124 0.981032 -0.036002 -0.190473 11.865774
-0.191653 -0.077964 -0.978361 -47.142787 0.024680 0.996142 -0.084216 -2.793114 0.981152 -0.040286 -0.188990 11.649084
-0.189781 -0.076125 -0.978871 -48.208313 0.023837 0.996339 -0.082105 -2.901937 0.981537 -0.038915 -0.187272 11.435275
-0.187205 -0.075882 -0.979386 -49.291633 0.023123 0.996395 -0.081620 -3.010598 0.982049 -0.037926 -0.184775 11.222423
-0.183132 -0.080430 -0.979793 -50.303562 0.024193 0.995977 -0.086280 -3.113624 0.982791 -0.039505 -0.180449 11.022832
-0.177968 -0.085781 -0.980290 -51.360440 0.025356 0.995463 -0.091712 -3.226175 0.983710 -0.041178 -0.174985 10.821504
-0.173698 -0.089705 -0.980705 -52.392318 0.026055 0.995076 -0.095634 -3.341404 0.984454 -0.042164 -0.170505 10.630176
-0.168702 -0.091488 -0.981412 -53.409265 0.025274 0.994954 -0.097095 -3.458264 0.985343 -0.041184 -0.165539 10.446244
-0.163822 -0.090787 -0.982303 -54.411586 0.024617 0.995070 -0.096073 -3.574067 0.986183 -0.039920 -0.160779 10.270738
-0.159933 -0.089336 -0.983077 -55.390246 0.024540 0.995229 -0.094433 -3.685854 0.986823 -0.039228 -0.156977 10.105607
-0.155933 -0.088740 -0.983773 -56.414453 0.024719 0.995294 -0.093697 -3.801234 0.987458 -0.038928 -0.153006 9.934072
-0.150827 -0.087166 -0.984710 -57.471838 0.026822 0.995377 -0.092219 -3.918989 0.988196 -0.040321 -0.147792 9.765906
-0.147189 -0.089172 -0.985080 -58.479548 0.027798 0.995162 -0.094238 -4.031060 0.988718 -0.041254 -0.143998 9.607220
-0.142425 -0.088636 -0.985829 -59.495043 0.027035 0.995262 -0.093390 -4.145031 0.989436 -0.039953 -0.139354 9.452166
-0.137802 -0.089124 -0.986442 -60.570265 0.022963 0.995388 -0.093140 -4.264631 0.990194 -0.035487 -0.135120 9.293096
-0.132869 -0.088520 -0.987173 -61.661953 0.017537 0.995638 -0.091639 -4.385159 0.990979 -0.029488 -0.130737 9.137952
-0.130764 -0.089361 -0.987378 -62.779931 0.017093 0.995578 -0.092367 -4.507483 0.991266 -0.028955 -0.128658 8.979530
-0.128579 -0.088621 -0.987732 -63.864633 0.019425 0.995583 -0.091854 -4.626615 0.991509 -0.030997 -0.126289 8.830573
-0.127352 -0.088336 -0.987916 -64.993807 0.019192 0.995620 -0.091499 -4.749913 0.991672 -0.030613 -0.125099 8.678146
-0.125854 -0.090030 -0.987955 -66.123744 0.019207 0.995466 -0.093161 -4.873574 0.991863 -0.030700 -0.123554 8.524253
-0.125269 -0.091318 -0.987911 -67.205859 0.019953 0.995322 -0.094533 -4.993943 0.991922 -0.031554 -0.122861 8.378002
-0.123855 -0.092069 -0.988020 -68.260696 0.020452 0.995238 -0.095306 -5.112622 0.992090 -0.032011 -0.121382 8.239589
-0.123313 -0.092538 -0.988044 -69.381204 0.018742 0.995248 -0.095552 -5.239128 0.992191 -0.030301 -0.120993 8.092100
-0.123212 -0.091551 -0.988148 -70.538944 0.017440 0.995382 -0.094396 -5.369482 0.992227 -0.028864 -0.121047 7.940412
-0.122992 -0.088396 -0.988463 -71.697755 0.017443 0.995679 -0.091212 -5.497820 0.992254 -0.028460 -0.120919 7.793064
-0.123090 -0.086544 -0.988615 -72.777479 0.017885 0.995835 -0.089403 -5.614652 0.992234 -0.028686 -0.121029 7.650167
-0.123161 -0.085989 -0.988654 -73.923752 0.020620 0.995802 -0.089180 -5.736900 0.992173 -0.031370 -0.120870 7.496321
-0.122830 -0.089415 -0.988391 -75.187115 0.024406 0.995360 -0.093078 -5.872333 0.992128 -0.035555 -0.120078 7.327312
-0.122199 -0.092470 -0.988189 -76.359356 0.024519 0.995065 -0.096145 -6.002757 0.992203 -0.035979 -0.119328 7.175363
-0.120690 -0.093143 -0.988311 -77.539788 0.022567 0.995074 -0.096537 -6.136814 0.992434 -0.033955 -0.117993 7.025243
-0.120811 -0.093001 -0.988309 -78.620976 0.019054 0.995201 -0.095978 -6.260093 0.992493 -0.030427 -0.118459 6.887782
-0.120958 -0.090653 -0.988509 -79.762044 0.017830 0.995462 -0.093473 -6.388557 0.992498 -0.028931 -0.118793 6.746248
-0.120399 -0.088679 -0.988757 -80.948292 0.018761 0.995621 -0.091579 -6.519121 0.992548 -0.029576 -0.118208 6.599282
-0.120711 -0.087704 -0.988806 -82.123706 0.021008 0.995641 -0.090875 -6.646702 0.992465 -0.031742 -0.118342 6.450350
-0.120783 -0.087329 -0.988830 -83.268127 0.022444 0.995628 -0.090671 -6.770351 0.992425 -0.033145 -0.118295 6.307486
-0.120581 -0.088605 -0.988741 -84.367527 0.022000 0.995526 -0.091896 -6.889583 0.992460 -0.032833 -0.118092 6.169743
-0.120212 -0.088358 -0.988808 -85.506643 0.019513 0.995629 -0.091340 -7.013750 0.992557 -0.030275 -0.117962 6.028555
-0.119703 -0.087451 -0.988951 -86.669293 0.017982 0.995759 -0.090230 -7.139533 0.992647 -0.028584 -0.117623 5.884498
-0.119951 -0.086232 -0.989028 -87.779835 0.018913 0.995841 -0.089120 -7.258597 0.992600 -0.029396 -0.117822 5.745303
-0.120207 -0.084182 -0.989173 -88.853419 0.021879 0.995932 -0.087416 -7.372416 0.992508 -0.032150 -0.117876 5.610916
-0.120900 -0.082852 -0.989201 -90.037660 0.023760 0.995984 -0.086324 -7.495760 0.992380 -0.033940 -0.118446 5.461818
-0.121141 -0.083160 -0.989146 -91.207659 0.025280 0.995903 -0.086824 -7.616971 0.992313 -0.035524 -0.118542 5.311694
-0.121349 -0.086509 -0.988833 -92.386414 0.027213 0.995531 -0.090434 -7.740731 0.992237 -0.037883 -0.118453 5.158816
-0.121892 -0.088978 -0.988547 -93.509974 0.026602 0.995323 -0.092868 -7.862787 0.992187 -0.037617 -0.118955 5.010661
-0.122088 -0.092208 -0.988227 -94.644682 0.022322 0.995168 -0.095613 -7.988825 0.992268 -0.033732 -0.119440 4.865800
-0.121914 -0.095007 -0.987983 -95.747563 0.020756 0.994947 -0.098237 -8.114517 0.992324 -0.032483 -0.119326 4.724269
-0.121308 -0.095034 -0.988055 -96.834942 0.019295 0.994992 -0.098070 -8.240455 0.992427 -0.030961 -0.118867 4.586752
-0.121233 -0.094219 -0.988142 -97.929940 0.019099 0.995079 -0.097224 -8.366807 0.992440 -0.030659 -0.118837 4.448592
-0.121730 -0.094663 -0.988039 -99.036518 0.021747 0.994948 -0.098004 -8.494078 0.992325 -0.033417 -0.119056 4.305987
-0.121578 -0.093709 -0.988148 -100.183482 0.024444 0.994949 -0.097361 -8.626266 0.992281 -0.035991 -0.118674 4.159621
-0.121529 -0.098202 -0.987718 -101.332078 0.023722 0.994522 -0.101798 -8.759507 0.992304 -0.035802 -0.118534 4.018011
-0.121735 -0.102521 -0.987254 -102.436737 0.024881 0.994024 -0.106292 -8.892989 0.992251 -0.037504 -0.118457 3.878516
-0.121382 -0.106215 -0.986907 -103.538021 0.024443 0.993637 -0.109946 -9.031012 0.992305 -0.037468 -0.118013 3.734893
-0.121401 -0.107858 -0.986726 -104.712101 0.020490 0.993595 -0.111129 -9.181236 0.992392 -0.033709 -0.118413 3.587784
-0.121637 -0.108874 -0.986585 -105.886005 0.017292 0.993583 -0.111778 -9.332660 0.992424 -0.030656 -0.118974 3.439950
-0.122048 -0.106462 -0.986798 -107.029654 0.016678 0.993870 -0.109288 -9.479952 0.992384 -0.029797 -0.119524 3.297524
-0.123014 -0.102651 -0.987082 -108.206551 0.015902 0.994305 -0.105384 -9.627943 0.992278 -0.028660 -0.120681 3.149696
-0.122904 -0.101956 -0.987167 -109.433682 0.017847 0.994321 -0.104917 -9.778390 0.992258 -0.030513 -0.120387 2.992335
-0.123125 -0.101195 -0.987218 -110.660019 0.022545 0.994245 -0.104727 -9.928307 0.992135 -0.035152 -0.120135 2.831159
-0.124394 -0.099272 -0.987254 -111.800129 0.023183 0.994420 -0.102914 -10.067205 0.991962 -0.035689 -0.121398 2.684616
-0.124034 -0.100347 -0.987191 -112.930597 0.018821 0.994457 -0.103450 -10.203646 0.992099 -0.031411 -0.121458 2.540227
-0.124589 -0.100341 -0.987122 -114.108822 0.015618 0.994552 -0.103067 -10.345966 0.992085 -0.028258 -0.122344 2.388836
-0.125183 -0.098707 -0.987211 -115.312964 0.014352 0.994754 -0.101281 -10.490359 0.992030 -0.026847 -0.123109 2.234547
-0.125842 -0.100662 -0.986930 -116.558620 0.014957 0.994533 -0.103344 -10.638667 0.991938 -0.027766 -0.123649 2.070689
-0.126574 -0.105181 -0.986365 -117.789963 0.020281 0.993880 -0.108585 -10.789022 0.991750 -0.033749 -0.123666 1.907191
-0.127704 -0.111260 -0.985552 -118.946367 0.024082 0.993047 -0.115227 -10.937383 0.991520 -0.038449 -0.124137 1.752399
-0.127921 -0.119593 -0.984547 -120.151996 0.024136 0.992034 -0.123638 -11.100724 0.991491 -0.039579 -0.124016 1.589905
-0.128098 -0.123402 -0.984054 -121.270249 0.021549 0.991648 -0.127159 -11.260783 0.991527 -0.037494 -0.124369 1.441019
-0.128075 -0.126329 -0.983686 -122.476061 0.020699 0.991298 -0.130002 -11.437088 0.991548 -0.037012 -0.124346 1.280278
-0.128097 -0.126755 -0.983628 -123.645650 0.020270 0.991257 -0.130377 -11.610863 0.991555 -0.036639 -0.124408 1.124308
-0.128363 -0.125286 -0.983782 -124.801581 0.019636 0.991473 -0.128828 -11.782402 0.991533 -0.035854 -0.124808 0.972244
-0.128010 -0.126073 -0.983727 -125.987162 0.020113 0.991353 -0.129668 -11.957158 0.991569 -0.036384 -0.124368 0.815581
-0.127313 -0.126872 -0.983715 -127.198268 0.026197 0.991009 -0.131203 -12.136819 0.991517 -0.042474 -0.122844 0.657258
-0.128119 -0.125843 -0.983742 -128.402907 0.031540 0.990898 -0.130866 -12.316854 0.991257 -0.047793 -0.122983 0.500555
-0.128360 -0.126729 -0.983597 -129.669569 0.029990 0.990852 -0.131577 -12.506067 0.991274 -0.046387 -0.123385 0.331114
-0.127903 -0.127091 -0.983610 -130.806574 0.028790 0.990862 -0.131772 -12.676937 0.991369 -0.045172 -0.123075 0.182070
-0.127516 -0.125505 -0.983864 -131.964724 0.028674 0.991081 -0.130142 -12.850473 0.991422 -0.044807 -0.122780 0.031769
-0.127363 -0.125752 -0.983852 -133.200398 0.028435 0.991060 -0.130354 -13.033986 0.991449 -0.044578 -0.122648 -0.131190
-0.126947 -0.124956 -0.984007 -134.408694 0.030726 0.991062 -0.129815 -13.213574 0.991433 -0.046715 -0.121973 -0.291718
-0.126691 -0.126166 -0.983886 -135.597249 0.035605 0.990661 -0.131619 -13.390510 0.991303 -0.051706 -0.121016 -0.451305
-0.126238 -0.127436 -0.983780 -136.742176 0.037191 0.990409 -0.133067 -13.563167 0.991303 -0.053386 -0.120287 -0.602888
-0.126369 -0.130667 -0.983340 -137.890906 0.034254 0.990121 -0.135970 -13.738704 0.991392 -0.050866 -0.120644 -0.756604
-0.125106 -0.129818 -0.983614 -139.124105 0.030980 0.990408 -0.134656 -13.928755 0.991660 -0.047319 -0.119884 -0.914873
-0.125009 -0.127159 -0.983973 -140.276459 0.029765 0.990826 -0.131827 -14.104482 0.991709 -0.045768 -0.120077 -1.062447
-0.124640 -0.125623 -0.984217 -141.440920 0.029058 0.991065 -0.130177 -14.278945 0.991777 -0.044825 -0.119876 -1.210168
-0.124547 -0.123551 -0.984491 -142.665473 0.029110 0.991335 -0.128093 -14.459973 0.991787 -0.044612 -0.119871 -1.366110
-0.124196 -0.122040 -0.984724 -143.849705 0.028149 0.991575 -0.126440 -14.632774 0.991858 -0.043423 -0.119714 -1.517536
-0.124183 -0.122138 -0.984714 -145.032288 0.028282 0.991557 -0.126553 -14.803928 0.991856 -0.043566 -0.119680 -1.669838
-0.124759 -0.119552 -0.984958 -146.209738 0.030256 0.991794 -0.124214 -14.973622 0.991726 -0.045297 -0.120118 -1.820130
-0.125376 -0.117297 -0.985151 -147.405231 0.032159 0.991984 -0.122204 -15.143158 0.991588 -0.047003 -0.120599 -1.975369
-0.125504 -0.114492 -0.985464 -148.586689 0.030416 0.992408 -0.119172 -15.307848 0.991627 -0.044931 -0.121069 -2.125273
-0.125724 -0.116021 -0.985258 -149.765075 0.030510 0.992216 -0.120734 -15.470178 0.991596 -0.045239 -0.121206 -2.281606
-0.126021 -0.116062 -0.985215 -150.973212 0.035638 0.991962 -0.121415 -15.638079 0.991387 -0.050412 -0.120871 -2.440181
-0.124422 -0.120819 -0.984846 -152.128341 0.042691 0.990988 -0.126966 -15.801370 0.991311 -0.057842 -0.118143 -2.592051
-0.123339 -0.125974 -0.984336 -153.245652 0.043368 0.990278 -0.132169 -15.965909 0.991417 -0.058990 -0.116677 -2.737134
-0.122129 -0.130193 -0.983938 -154.380864 0.040192 0.989897 -0.135971 -16.138590 0.991700 -0.056152 -0.115662 -2.882112
-0.120151 -0.132873 -0.983823 -155.508780 0.034985 0.989820 -0.137955 -16.313935 0.992139 -0.050994 -0.114279 -3.023783
-0.119330 -0.134957 -0.983640 -156.619629 0.033856 0.989589 -0.139880 -16.488974 0.992277 -0.049994 -0.113519 -3.164460
-0.118872 -0.130952 -0.984236 -157.760295 0.031635 0.990262 -0.135575 -16.668431 0.992406 -0.047252 -0.113571 -3.300264
-0.118502 -0.126748 -0.984831 -158.933533 0.027247 0.991031 -0.130824 -16.847549 0.992580 -0.042337 -0.113986 -3.440789
-0.118499 -0.121604 -0.985480 -160.149827 0.024608 0.991808 -0.125344 -17.026897 0.992649 -0.039104 -0.114536 -3.587784
-0.119929 -0.117121 -0.985850 -161.286884 0.025931 0.992309 -0.121042 -17.188697 0.992444 -0.040080 -0.115970 -3.728016
-0.119882 -0.117074 -0.985861 -162.420953 0.033649 0.991973 -0.121891 -17.346866 0.992218 -0.047786 -0.114980 -3.871352
-0.120414 -0.118248 -0.985656 -163.560024 0.036656 0.991674 -0.123448 -17.507027 0.992047 -0.050995 -0.115077 -4.014317
-0.119146 -0.119744 -0.985629 -164.700769 0.034367 0.991609 -0.124625 -17.669022 0.992282 -0.048722 -0.114031 -4.153218
-0.117685 -0.121683 -0.985567 -165.850997 0.034589 0.991360 -0.126529 -17.833969 0.992448 -0.048981 -0.112460 -4.293134
-0.117396 -0.120602 -0.985735 -167.005419 0.036249 0.991417 -0.125614 -18.000610 0.992423 -0.050479 -0.112016 -4.427035
-0.116688 -0.119481 -0.985955 -168.128976 0.034727 0.991639 -0.124280 -18.161746 0.992561 -0.048741 -0.111563 -4.557812
-0.115057 -0.120170 -0.986063 -169.285837 0.033550 0.991619 -0.124761 -18.326618 0.992792 -0.047437 -0.110061 -4.693661
-0.112513 -0.121691 -0.986170 -170.388971 0.035793 0.991332 -0.126411 -18.484964 0.993005 -0.049521 -0.107182 -4.821923
-0.110951 -0.121593 -0.986359 -171.476393 0.038463 0.991218 -0.126519 -18.642432 0.993081 -0.051976 -0.105300 -4.945793
-0.110602 -0.122157 -0.986329 -172.509932 0.040010 0.991066 -0.127231 -18.792649 0.993059 -0.053535 -0.104726 -5.062507
-0.110529 -0.123330 -0.986191 -173.538142 0.041600 0.990827 -0.128572 -18.943191 0.993002 -0.055236 -0.104385 -5.180536
-0.110469 -0.122737 -0.986272 -174.555444 0.043132 0.990819 -0.128134 -19.092852 0.992943 -0.056695 -0.104161 -5.293489
-0.110430 -0.123115 -0.986229 -175.558486 0.042953 0.990780 -0.128493 -19.240364 0.992955 -0.056551 -0.104124 -5.406177
-0.109932 -0.123348 -0.986256 -176.532434 0.043022 0.990749 -0.128706 -19.384034 0.993008 -0.056580 -0.103609 -5.515226
-0.108303 -0.124408 -0.986303 -177.387406 0.043834 0.990576 -0.129760 -19.511180 0.993151 -0.057287 -0.101829 -5.610230
-0.108248 -0.123667 -0.986402 -178.206833 0.042827 0.990731 -0.128910 -19.633506 0.993201 -0.056199 -0.101948 -5.701307
-0.110143 -0.121402 -0.986473 -179.082370 0.040038 0.991165 -0.126450 -19.762512 0.993109 -0.053424 -0.104309 -5.796745
-0.115058 -0.121443 -0.985907 -179.968526 0.036096 0.991332 -0.126324 -19.891809 0.992703 -0.050122 -0.109677 -5.901932
-0.117956 -0.124139 -0.985229 -180.867241 0.032823 0.991126 -0.128812 -20.023796 0.992476 -0.047532 -0.112835 -6.015894
-0.122594 -0.126310 -0.984386 -181.731811 0.031764 0.990861 -0.131097 -20.153256 0.991949 -0.047340 -0.117461 -6.132118
-0.124152 -0.128779 -0.983871 -182.582944 0.032825 0.990467 -0.133785 -20.283247 0.991720 -0.048906 -0.118741 -6.256703
-0.125370 -0.127609 -0.983869 -183.484308 0.034426 0.990537 -0.132861 -20.421561 0.991513 -0.050527 -0.119791 -6.379165
-0.126922 -0.123792 -0.984158 -184.334893 0.036508 0.990926 -0.129352 -20.550507 0.991241 -0.052348 -0.121251 -6.492199
-0.128184 -0.122365 -0.984173 -185.167192 0.036959 0.991080 -0.128037 -20.674398 0.991062 -0.052786 -0.122518 -6.601415
-0.128735 -0.122654 -0.984065 -186.036331 0.035988 0.991090 -0.128238 -20.802966 0.991026 -0.051923 -0.123174 -6.716782
-0.129171 -0.124745 -0.983744 -186.867578 0.034339 0.990898 -0.130161 -20.926976 0.991028 -0.050594 -0.123712 -6.830047
-0.128290 -0.128388 -0.983391 -187.724630 0.034193 0.990423 -0.133767 -21.057014 0.991147 -0.050786 -0.122672 -6.948674
-0.127726 -0.130391 -0.983201 -188.560113 0.032816 0.990222 -0.135585 -21.186393 0.991266 -0.049583 -0.122198 -7.062399
-0.127315 -0.131673 -0.983083 -189.427224 0.030673 0.990152 -0.136592 -21.321704 0.991388 -0.047545 -0.122022 -7.176692
-0.126847 -0.131940 -0.983108 -190.307057 0.027938 0.990246 -0.136502 -21.459439 0.991529 -0.044781 -0.121924 -7.291543
-0.126143 -0.132007 -0.983190 -191.162088 0.027875 0.990244 -0.136530 -21.593383 0.991620 -0.044629 -0.121232 -7.403992
-0.125582 -0.130086 -0.983518 -191.983319 0.031011 0.990367 -0.134952 -21.721544 0.991599 -0.047448 -0.120338 -7.508081
-0.125533 -0.129655 -0.983581 -192.849980 0.032517 0.990353 -0.134698 -21.855703 0.991556 -0.048892 -0.120106 -7.619842
-0.125104 -0.125513 -0.984173 -193.745728 0.028152 0.991117 -0.129977 -21.992337 0.991744 -0.043967 -0.120459 -7.731131
-0.124633 -0.123372 -0.984503 -194.639037 0.023880 0.991579 -0.127282 -22.125063 0.991916 -0.039373 -0.120637 -7.847266
-0.123400 -0.127701 -0.984106 -195.650742 0.025082 0.990967 -0.131736 -22.274492 0.992040 -0.040940 -0.119082 -7.978922
-0.121971 -0.129807 -0.984009 -196.594563 0.029231 0.990511 -0.134288 -22.417892 0.992103 -0.045143 -0.117019 -8.096786
-0.120583 -0.127847 -0.984436 -197.523216 0.029733 0.990762 -0.132311 -22.559977 0.992258 -0.045225 -0.115668 -8.210792
-0.119016 -0.125849 -0.984884 -198.464219 0.030754 0.990992 -0.130345 -22.701916 0.992416 -0.045802 -0.114073 -8.323503
-0.117835 -0.126647 -0.984924 -199.492799 0.035462 0.990665 -0.131628 -22.855741 0.992400 -0.050438 -0.112244 -8.446800
-0.116836 -0.122561 -0.985560 -200.503699 0.040842 0.990924 -0.128070 -23.006485 0.992311 -0.055216 -0.110770 -8.560077
-0.116182 -0.121461 -0.985773 -201.424161 0.042082 0.991001 -0.127065 -23.141571 0.992336 -0.056246 -0.110025 -8.664078
-0.114511 -0.124056 -0.985646 -202.427011 0.043026 0.990622 -0.129681 -23.288737 0.992490 -0.057259 -0.108100 -8.780349
-0.111983 -0.125933 -0.985698 -203.412659 0.045339 0.990257 -0.131667 -23.435892 0.992675 -0.059435 -0.105183 -8.892520
-0.108045 -0.126255 -0.986096 -204.382622 0.046730 0.990162 -0.131896 -23.582086 0.993047 -0.060331 -0.101082 -8.998026
-0.105079 -0.129441 -0.986004 -205.375167 0.045358 0.989837 -0.134778 -23.732751 0.993429 -0.058885 -0.098140 -9.104110
-0.101474 -0.130408 -0.986254 -206.349353 0.042954 0.989872 -0.135306 -23.882754 0.993911 -0.056093 -0.094844 -9.204409
-0.099393 -0.129539 -0.986580 -207.233832 0.042334 0.990042 -0.134258 -24.019219 0.994147 -0.055111 -0.092919 -9.292090
-0.097527 -0.130151 -0.986686 -208.220246 0.044873 0.989829 -0.135001 -24.170492 0.994221 -0.057442 -0.090695 -9.388867
-0.097031 -0.132779 -0.986385 -209.184998 0.048583 0.989248 -0.137944 -24.320097 0.994095 -0.061307 -0.089537 -9.483523
-0.096240 -0.132966 -0.986437 -210.129189 0.048792 0.989216 -0.138101 -24.468525 0.994162 -0.061421 -0.088715 -9.573971
-0.093026 -0.132737 -0.986776 -211.101589 0.046766 0.989397 -0.137498 -24.621103 0.994565 -0.058939 -0.085832 -9.664794
-0.092283 -0.131382 -0.987027 -212.059895 0.044229 0.989738 -0.135879 -24.770665 0.994750 -0.056194 -0.085525 -9.754680
-0.091681 -0.129522 -0.987329 -213.046956 0.044150 0.990001 -0.133973 -24.922688 0.994809 -0.055873 -0.085046 -9.844488
-0.091344 -0.129950 -0.987304 -214.067543 0.043962 0.989956 -0.134366 -25.078590 0.994849 -0.055678 -0.084714 -9.938908
-0.090714 -0.129061 -0.987479 -215.148736 0.044462 0.990053 -0.133482 -25.243583 0.994884 -0.056014 -0.084074 -10.040629
-0.090975 -0.130212 -0.987303 -216.226254 0.045728 0.989823 -0.134758 -25.407894 0.994803 -0.057407 -0.084095 -10.144430
-0.090674 -0.129280 -0.987454 -217.371460 0.048334 0.989798 -0.134026 -25.583048 0.994707 -0.059881 -0.083500 -10.254208
-0.091227 -0.129848 -0.987328 -218.511026 0.049945 0.989618 -0.134764 -25.757029 0.994577 -0.061606 -0.083795 -10.363141
-0.091904 -0.130600 -0.987166 -219.580916 0.051835 0.989390 -0.135720 -25.921621 0.994418 -0.063643 -0.084159 -10.467036
-0.092465 -0.132187 -0.986903 -220.780674 0.052906 0.989096 -0.137438 -26.107041 0.994309 -0.064921 -0.084463 -10.582526
-0.092812 -0.134496 -0.986558 -221.918947 0.052149 0.988818 -0.139710 -26.285474 0.994317 -0.064415 -0.084761 -10.692969
-0.093017 -0.132311 -0.986834 -223.024375 0.047614 0.989406 -0.137144 -26.459708 0.994525 -0.059744 -0.085732 -10.797414
-0.092977 -0.130014 -0.987143 -224.110247 0.041451 0.990073 -0.134304 -26.627746 0.994805 -0.053405 -0.086665 -10.897551
-0.095266 -0.125808 -0.987470 -225.260440 0.037037 0.990847 -0.129811 -26.801478 0.994763 -0.048939 -0.089735 -11.002840
-0.097108 -0.119486 -0.988075 -226.450589 0.036168 0.991688 -0.123477 -26.974958 0.994617 -0.047727 -0.091980 -11.113661
-0.099353 -0.114730 -0.988416 -227.627696 0.040333 0.992050 -0.119206 -27.139659 0.994234 -0.051710 -0.093936 -11.228016
-0.102171 -0.112849 -0.988345 -228.835084 0.042727 0.992130 -0.117698 -27.304220 0.993849 -0.054254 -0.096545 -11.348719
-0.104105 -0.110597 -0.988398 -230.016109 0.041323 0.992459 -0.115404 -27.463157 0.993708 -0.052857 -0.098750 -11.467550
-0.106542 -0.110729 -0.988123 -231.203940 0.041876 0.992398 -0.115723 -27.621205 0.993426 -0.053708 -0.101095 -11.592763
-0.108864 -0.109410 -0.988017 -232.368997 0.043372 0.992455 -0.114680 -27.776189 0.993110 -0.055337 -0.103298 -11.716569
-0.111159 -0.108389 -0.987874 -233.532090 0.043463 0.992553 -0.113793 -27.929839 0.992852 -0.055585 -0.105620 -11.844619
-0.111616 -0.108815 -0.987776 -234.745829 0.042080 0.992578 -0.114099 -28.089317 0.992860 -0.054301 -0.106209 -11.979909
-0.111909 -0.109628 -0.987653 -235.956171 0.041680 0.992504 -0.114889 -28.248910 0.992844 -0.054023 -0.106500 -12.115736
-0.112367 -0.111447 -0.987397 -237.167216 0.043120 0.992207 -0.116897 -28.410065 0.992731 -0.055712 -0.106685 -12.253632
-0.113451 -0.112414 -0.987164 -238.361848 0.043762 0.992049 -0.117999 -28.571255 0.992579 -0.056587 -0.107630 -12.389472
-0.114828 -0.114042 -0.986817 -239.542707 0.044509 0.991800 -0.119797 -28.732304 0.992388 -0.057678 -0.108811 -12.526412
-0.117061 -0.115511 -0.986384 -240.736902 0.046617 0.991479 -0.121640 -28.897335 0.992030 -0.060222 -0.110679 -12.665583
-0.119451 -0.117039 -0.985917 -241.886418 0.047266 0.991231 -0.123396 -29.058658 0.991714 -0.061340 -0.112872 -12.803297
-0.119704 -0.120015 -0.985529 -243.027671 0.048327 0.990786 -0.126525 -29.221508 0.991633 -0.062774 -0.112801 -12.943387
-0.120217 -0.120993 -0.985347 -244.217515 0.048987 0.990613 -0.127616 -29.394207 0.991538 -0.063611 -0.113161 -13.088861
-0.120132 -0.119674 -0.985518 -245.346598 0.047785 0.990860 -0.126148 -29.558785 0.991607 -0.062247 -0.113315 -13.228064
-0.120255 -0.117316 -0.985787 -246.544659 0.045718 0.991285 -0.123547 -29.730778 0.991690 -0.059926 -0.113844 -13.371875
-0.121181 -0.116390 -0.985783 -247.746745 0.046008 0.991376 -0.122706 -29.900569 0.991564 -0.060224 -0.114782 -13.514343
-0.121139 -0.116214 -0.985809 -248.958382 0.046516 0.991367 -0.122585 -30.070984 0.991545 -0.060706 -0.114687 -13.661105
-0.120927 -0.115426 -0.985928 -250.130927 0.046582 0.991463 -0.121787 -30.235673 0.991568 -0.060654 -0.114518 -13.802860
-0.121320 -0.114195 -0.986023 -251.302572 0.047467 0.991556 -0.120676 -30.399226 0.991478 -0.061444 -0.114875 -13.945817
-0.122039 -0.111615 -0.986229 -252.483302 0.048288 0.991812 -0.118222 -30.562070 0.991350 -0.062051 -0.115650 -14.087112
-0.122213 -0.106821 -0.986739 -253.665335 0.050592 0.992228 -0.113682 -30.721197 0.991214 -0.063814 -0.115859 -14.225025
-0.122832 -0.104194 -0.986943 -254.892349 0.053915 0.992304 -0.111470 -30.881580 0.990962 -0.066903 -0.116269 -14.373850
-0.123372 -0.102614 -0.987041 -256.065590 0.056468 0.992302 -0.110219 -31.032772 0.990753 -0.069334 -0.116628 -14.516706
-0.123205 -0.103128 -0.987008 -257.243086 0.056117 0.992270 -0.110683 -31.183649 0.990793 -0.069025 -0.116465 -14.661474
-0.123220 -0.105667 -0.986738 -258.425220 0.054453 0.992097 -0.113041 -31.336230 0.990884 -0.067660 -0.116492 -14.805320
-0.123149 -0.113045 -0.985929 -259.635625 0.058891 0.990907 -0.120972 -31.497387 0.990639 -0.072960 -0.115372 -14.957018
-0.123448 -0.118900 -0.985202 -260.823134 0.065742 0.989635 -0.127672 -31.665022 0.990171 -0.080530 -0.114352 -15.105766
-0.123775 -0.123852 -0.984551 -262.013227 0.067364 0.988843 -0.132861 -31.840693 0.990021 -0.082768 -0.114051 -15.251976
-0.122908 -0.124988 -0.984516 -263.058061 0.061035 0.989208 -0.133203 -31.999590 0.990539 -0.076462 -0.113953 -15.378807
-0.120907 -0.123198 -0.984989 -264.125035 0.055469 0.989880 -0.130619 -32.160926 0.991113 -0.070429 -0.112850 -15.505210
-0.120373 -0.119008 -0.985570 -265.283776 0.054669 0.990487 -0.126279 -32.332026 0.991222 -0.069081 -0.112722 -15.640518
-0.118607 -0.114939 -0.986266 -266.427766 0.056456 0.990890 -0.122267 -32.495884 0.991335 -0.070183 -0.111038 -15.772437
-0.116372 -0.114423 -0.986593 -267.593318 0.058729 0.990811 -0.121840 -32.659197 0.991468 -0.072120 -0.108582 -15.905793
-0.115634 -0.115256 -0.986582 -268.734249 0.061516 0.990508 -0.122925 -32.819276 0.991385 -0.074905 -0.107446 -16.036643
-0.115125 -0.116666 -0.986476 -269.906625 0.063692 0.990169 -0.124536 -32.985230 0.991307 -0.077168 -0.106563 -16.171574
-0.114831 -0.118007 -0.986351 -271.082048 0.064871 0.989909 -0.125984 -33.153501 0.991265 -0.078452 -0.106017 -16.305621
-0.114498 -0.118057 -0.986384 -272.226638 0.064665 0.989922 -0.125986 -33.318690 0.991317 -0.078210 -0.105710 -16.435309
-0.113685 -0.118982 -0.986367 -273.407043 0.062382 0.989989 -0.126609 -33.489176 0.991556 -0.075925 -0.105124 -16.569365
-0.113595 -0.119215 -0.986349 -274.579944 0.061662 0.990015 -0.126760 -33.659072 0.991612 -0.075220 -0.105109 -16.700325
-0.113572 -0.120232 -0.986228 -275.768959 0.061034 0.989932 -0.127712 -33.831850 0.991653 -0.074698 -0.105090 -16.835529
-0.113493 -0.121374 -0.986097 -276.961972 0.060826 0.989799 -0.128830 -34.006326 0.991675 -0.074602 -0.104953 -16.969743
-0.113407 -0.122458 -0.985973 -278.115903 0.061726 0.989590 -0.130007 -34.176629 0.991629 -0.075604 -0.104668 -17.099829
-0.113308 -0.122172 -0.986020 -279.233266 0.061727 0.989628 -0.129712 -34.342608 0.991641 -0.075562 -0.104592 -17.226580
-0.113324 -0.121947 -0.986046 -280.399475 0.059932 0.989793 -0.129298 -34.515192 0.991749 -0.073748 -0.104859 -17.357634
-0.112070 -0.122900 -0.986071 -281.474346 0.056982 0.989895 -0.129853 -34.674240 0.992065 -0.070741 -0.103934 -17.474833
-0.112340 -0.125227 -0.985747 -282.614379 0.054503 0.989757 -0.131948 -34.843902 0.992174 -0.068549 -0.104364 -17.600365
-0.112240 -0.127200 -0.985506 -283.774753 0.053131 0.989586 -0.133778 -35.019017 0.992260 -0.067376 -0.104313 -17.730341
-0.112418 -0.130944 -0.984995 -284.947758 0.053528 0.989042 -0.137591 -35.198935 0.992218 -0.068192 -0.104177 -17.862996
-0.113645 -0.134495 -0.984376 -286.113249 0.054211 0.988479 -0.141314 -35.382415 0.992041 -0.069424 -0.105044 -17.996488
-0.113743 -0.138273 -0.983841 -287.233490 0.054935 0.987877 -0.145191 -35.563564 0.991990 -0.070562 -0.104768 -18.128408
-0.114032 -0.140662 -0.983469 -288.358437 0.055078 0.987508 -0.147626 -35.749316 0.991949 -0.071002 -0.104860 -18.257204
-0.114645 -0.140768 -0.983382 -289.532160 0.052779 0.987648 -0.147532 -35.944992 0.992003 -0.068816 -0.105799 -18.391373
