1.000000 0.000000 0.000000 0.000000 0.000000 1.000000 0.000000 0.000000 0.000000 0.000000 1.000000 0.000000
0.999969 -0.000189 -0.007850 -0.005414 0.000184 1.000000 -0.000608 -0.005881 0.007850 0.000607 0.999969 0.109170
0.999863 0.000115 -0.016533 -0.012303 -0.000126 1.000000 -0.000667 -0.011843 0.016533 0.000669 0.999863 0.233819
0.999673 0.001006 -0.025569 -0.020278 -0.001030 0.999999 -0.000929 -0.017919 0.025568 0.000955 0.999673 0.361588
0.999356 0.002381 -0.035809 -0.028679 -0.002427 0.999996 -0.001240 -0.024053 0.035806 0.001326 0.999358 0.488468
0.998806 0.004073 -0.048691 -0.040129 -0.004149 0.999990 -0.001474 -0.029687 0.048684 0.001675 0.998813 0.579366
0.997988 0.005096 -0.063199 -0.054883 -0.005171 0.999986 -0.001025 -0.035797 0.063192 0.001350 0.998000 0.720613
0.996784 0.005554 -0.079943 -0.070373 -0.005643 0.999984 -0.000891 -0.041787 0.079937 0.001339 0.996799 0.848837
0.995117 0.005999 -0.098522 -0.092399 -0.005969 0.999982 0.000594 -0.047879 0.098523 -0.000003 0.995135 1.020774
0.992669 0.006855 -0.120674 -0.119545 -0.006551 0.999974 0.002916 -0.053392 0.120691 -0.002104 0.992688 1.189359
0.989401 0.007772 -0.144999 -0.153530 -0.007327 0.999967 0.003602 -0.059121 0.145022 -0.002501 0.989425 1.367351
0.985200 0.009291 -0.171156 -0.198647 -0.009288 0.999957 0.000819 -0.066006 0.171157 0.000783 0.985244 1.565884
0.979897 0.010784 -0.199211 -0.251085 -0.011506 0.999931 -0.002464 -0.073645 0.199171 0.004707 0.979953 1.767833
0.973326 0.011539 -0.229137 -0.312880 -0.013083 0.999901 -0.005219 -0.081783 0.229054 0.008077 0.973380 1.971856
0.965714 0.011968 -0.259331 -0.380950 -0.013896 0.999888 -0.005601 -0.089510 0.259235 0.009013 0.965772 2.165640
0.956393 0.011920 -0.291840 -0.457435 -0.014366 0.999877 -0.006242 -0.097631 0.291729 0.010162 0.956447 2.368543
0.945891 0.011505 -0.324279 -0.551711 -0.014508 0.999871 -0.006844 -0.106169 0.324159 0.011179 0.945937 2.589646
0.933544 0.011131 -0.358289 -0.651517 -0.014780 0.999863 -0.007448 -0.114569 0.358157 0.012248 0.933581 2.794646
0.919777 0.011024 -0.392286 -0.757354 -0.015719 0.999838 -0.008758 -0.123146 0.392126 0.014221 0.919801 2.988196
0.904360 0.010667 -0.426637 -0.882506 -0.016598 0.999810 -0.010186 -0.132185 0.426448 0.016293 0.904365 3.190557
0.887044 0.011344 -0.461546 -1.017250 -0.017876 0.999792 -0.009783 -0.141044 0.461339 0.016928 0.887062 3.392095
0.866652 0.014824 -0.498692 -1.165898 -0.020057 0.999786 -0.005136 -0.148764 0.498509 0.014453 0.866764 3.601918
0.844329 0.019122 -0.535484 -1.333420 -0.021553 0.999766 0.001717 -0.154883 0.535392 0.010091 0.844544 3.823059
0.818005 0.018283 -0.574920 -1.508856 -0.020229 0.999791 0.003012 -0.160614 0.574855 0.009167 0.818204 4.022758
0.787262 0.013385 -0.616474 -1.710405 -0.017970 0.999838 -0.001240 -0.167818 0.616357 0.012054 0.787374 4.223934
0.752987 0.010952 -0.657944 -1.913640 -0.017882 0.999833 -0.003823 -0.175520 0.657792 0.014644 0.753057 4.401746
0.715935 0.011990 -0.698064 -2.128344 -0.018980 0.999817 -0.002293 -0.182776 0.697909 0.014891 0.716032 4.575876
0.675188 0.016486 -0.737462 -2.376956 -0.019001 0.999807 0.004955 -0.188249 0.737401 0.010667 0.675371 4.764335
0.631271 0.020782 -0.775284 -2.631758 -0.018956 0.999756 0.011364 -0.191651 0.775331 0.007523 0.631511 4.931954
0.584343 0.022360 -0.811199 -2.910683 -0.017252 0.999737 0.015130 -0.193900 0.811324 0.005154 0.584575 5.091618
0.531646 0.023254 -0.846647 -3.238972 -0.014784 0.999726 0.018175 -0.195128 0.846838 0.002854 0.531844 5.262581
0.477627 0.023980 -0.878235 -3.569564 -0.012612 0.999712 0.020438 -0.195497 0.878472 0.001314 0.477792 5.401404
0.421681 0.024275 -0.906419 -3.895308 -0.010638 0.999705 0.021825 -0.195552 0.906682 0.000440 0.421815 5.512058
0.363602 0.023818 -0.931250 -4.243502 -0.007626 0.999716 0.022591 -0.195348 0.931523 -0.001113 0.363680 5.614490
0.305153 0.023519 -0.952013 -4.590019 -0.005288 0.999721 0.023002 -0.195104 0.952289 -0.001985 0.305192 5.688734
0.245161 0.024287 -0.969178 -4.992961 -0.001295 0.999693 0.024725 -0.193779 0.969482 -0.004807 0.245117 5.758673
0.187581 0.026915 -0.981880 -5.347919 0.002172 0.999611 0.027816 -0.192257 0.982247 -0.007351 0.187450 5.802673
0.133109 0.028383 -0.990695 -5.720507 0.004065 0.999566 0.029183 -0.190034 0.991093 -0.007912 0.132936 5.830073
0.079633 0.025925 -0.996487 -6.126091 0.005334 0.999636 0.026433 -0.188140 0.996810 -0.007420 0.079466 5.837823
0.032114 0.023085 -0.999218 -6.557394 0.005524 0.999714 0.023274 -0.187191 0.999469 -0.006267 0.031977 5.831543
-0.010411 0.021220 -0.999721 -7.064200 0.004927 0.999764 0.021169 -0.186390 0.999934 -0.004705 -0.010513 5.810256
-0.047985 0.021572 -0.998615 -7.514409 0.003167 0.999765 0.021445 -0.186361 0.998843 -0.002134 -0.048042 5.768598
-0.082393 0.021613 -0.996365 -7.981328 0.001510 0.999766 0.021562 -0.186006 0.996599 0.000272 -0.082407 5.708175
-0.111574 0.020839 -0.993538 -8.492888 0.000495 0.999781 0.020914 -0.185347 0.993756 0.001841 -0.111560 5.628169
-0.134067 0.019450 -0.990781 -8.977346 -0.001151 0.999804 0.019783 -0.185381 0.990972 0.003792 -0.134019 5.539346
-0.150291 0.019883 -0.988442 -9.492340 -0.001383 0.999793 0.020321 -0.185132 0.988641 0.004422 -0.150233 5.441712
-0.161655 0.019748 -0.986650 -10.017811 0.000005 0.999800 0.020011 -0.184911 0.986847 0.003230 -0.161623 5.343637
-0.172185 0.018325 -0.984894 -10.560031 0.001726 0.999831 0.018301 -0.185282 0.985063 0.001452 -0.172188 5.241528
-0.179081 0.017173 -0.983684 -11.129467 0.004127 0.999852 0.016704 -0.186480 0.983826 -0.001069 -0.179125 5.135351
-0.183697 0.018664 -0.982806 -11.733221 0.005916 0.999823 0.017881 -0.187586 0.982965 -0.002530 -0.183775 5.023546
-0.184116 0.020896 -0.982682 -12.362155 0.006650 0.999778 0.020013 -0.187505 0.982882 -0.002850 -0.184214 4.906012
-0.182608 0.023407 -0.982907 -12.994196 0.008551 0.999717 0.022218 -0.185952 0.983149 -0.004347 -0.182756 4.784189
-0.180555 0.024090 -0.983270 -13.630861 0.011546 0.999683 0.022372 -0.183628 0.983497 -0.007314 -0.180776 4.662544
-0.179098 0.023669 -0.983547 -14.269090 0.011888 0.999690 0.021893 -0.181413 0.983760 -0.007772 -0.179323 4.541691
-0.177144 0.021626 -0.983947 -14.881174 0.008979 0.999752 0.020357 -0.180158 0.984144 -0.005228 -0.177294 4.429287
-0.176111 0.022088 -0.984122 -15.562299 0.008670 0.999744 0.020887 -0.178564 0.984332 -0.004854 -0.176258 4.303950
-0.172933 0.022315 -0.984681 -16.267811 0.011303 0.999722 0.020671 -0.176634 0.984869 -0.007555 -0.173138 4.175210
-0.169933 0.022584 -0.985197 -17.020250 0.015438 0.999676 0.020253 -0.174522 0.985335 -0.011768 -0.170227 4.040876
-0.166513 0.022431 -0.985784 -17.758530 0.018222 0.999640 0.019668 -0.172923 0.985871 -0.014688 -0.166861 3.912424
-0.164004 0.021266 -0.986230 -18.508143 0.017959 0.999666 0.018570 -0.171855 0.986296 -0.014666 -0.164331 3.783168
-0.161352 0.018965 -0.986715 -19.281317 0.016170 0.999732 0.016570 -0.171767 0.986764 -0.013282 -0.161616 3.651683
-0.158983 0.017085 -0.987133 -20.041921 0.015669 0.999768 0.014780 -0.173233 0.987157 -0.013118 -0.159214 3.522017
-0.157179 0.019213 -0.987383 -20.831085 0.017877 0.999702 0.016607 -0.174786 0.987408 -0.015041 -0.157476 3.390712
-0.154841 0.021170 -0.987712 -21.596514 0.020020 0.999632 0.018287 -0.175048 0.987737 -0.016942 -0.155208 3.264027
-0.154181 0.022346 -0.987790 -22.351699 0.021770 0.999578 0.019214 -0.174344 0.987803 -0.018542 -0.154603 3.139087
-0.154235 0.020650 -0.987818 -23.142618 0.018880 0.999661 0.017950 -0.173455 0.987854 -0.015882 -0.154572 3.003857
-0.154386 0.019299 -0.987822 -23.886636 0.011447 0.999777 0.017744 -0.173476 0.987944 -0.008568 -0.154573 2.879519
-0.154960 0.022138 -0.987673 -24.666408 0.006182 0.999751 0.021439 -0.172117 0.987901 -0.002784 -0.155058 2.754867
-0.154700 0.022172 -0.987713 -25.478681 0.005792 0.999751 0.021536 -0.168723 0.987945 -0.002389 -0.154790 2.626503
-0.153890 0.021788 -0.987848 -26.354652 0.013992 0.999705 0.019870 -0.165163 0.987989 -0.010764 -0.154149 2.484794
-0.153841 0.023046 -0.987827 -27.279607 0.022157 0.999557 0.019869 -0.162183 0.987847 -0.018831 -0.154283 2.336703
-0.154096 0.022334 -0.987803 -28.192767 0.027605 0.999452 0.018291 -0.159854 0.987670 -0.024450 -0.154628 2.191839
-0.156389 0.020813 -0.987476 -29.110666 0.028688 0.999452 0.016522 -0.159032 0.987279 -0.025745 -0.156900 2.045909
-0.157321 0.019871 -0.987347 -29.960169 0.025655 0.999542 0.016029 -0.159709 0.987214 -0.022809 -0.157759 1.912674
-0.157973 0.018923 -0.987262 -30.794504 0.023330 0.999609 0.015426 -0.160933 0.987168 -0.020596 -0.158353 1.778274
-0.158711 0.017722 -0.987166 -31.634565 0.024785 0.999595 0.013960 -0.162951 0.987014 -0.022251 -0.159086 1.637862
-0.159795 0.018881 -0.986970 -32.396169 0.027859 0.999505 0.014610 -0.165644 0.986757 -0.025162 -0.160242 1.510725
-0.159087 0.017442 -0.987110 -33.210285 0.027301 0.999539 0.013262 -0.168384 0.986887 -0.024839 -0.159490 1.375121
-0.159904 0.016831 -0.986989 -34.066124 0.021791 0.999671 0.013517 -0.171678 0.986892 -0.019346 -0.160218 1.231961
-0.159875 0.015044 -0.987023 -34.947147 0.017957 0.999763 0.012329 -0.175175 0.986974 -0.015753 -0.160108 1.082287
-0.159742 0.015120 -0.987043 -35.810157 0.018796 0.999748 0.012273 -0.179320 0.986980 -0.016592 -0.159986 0.933349
-0.159489 0.016562 -0.987061 -36.652518 0.021299 0.999684 0.013332 -0.183146 0.986970 -0.018897 -0.159792 0.788327
-0.159069 0.017893 -0.987105 -37.496285 0.025767 0.999570 0.013967 -0.186205 0.986931 -0.023213 -0.159462 0.648038
-0.158542 0.019469 -0.987160 -38.327282 0.031144 0.999407 0.014709 -0.188727 0.986861 -0.028412 -0.159054 0.509982
-0.158400 0.020136 -0.987170 -39.165256 0.034536 0.999293 0.014842 -0.190843 0.986771 -0.031742 -0.158983 0.371271
-0.158241 0.020516 -0.987187 -39.989918 0.034688 0.999282 0.015208 -0.192812 0.986791 -0.031837 -0.158839 0.235714
-0.158729 0.019315 -0.987133 -40.807748 0.031196 0.999408 0.014539 -0.194852 0.986829 -0.028487 -0.159238 0.101214
-0.158581 0.018346 -0.987176 -41.587546 0.027049 0.999533 0.014231 -0.197385 0.986975 -0.024445 -0.159003 -0.025451
-0.159170 0.015410 -0.987131 -42.402139 0.024799 0.999625 0.011606 -0.200890 0.986940 -0.022633 -0.159493 -0.161508
-0.159627 0.011809 -0.987107 -43.216747 0.023601 0.999688 0.008143 -0.206836 0.986895 -0.021997 -0.159856 -0.299064
-0.161851 0.012844 -0.986732 -44.054327 0.022015 0.999713 0.009402 -0.214148 0.986570 -0.020201 -0.162088 -0.441297
-0.163270 0.015054 -0.986466 -44.852628 0.018500 0.999755 0.012195 -0.219761 0.986408 -0.016258 -0.163509 -0.577118
-0.164719 0.019176 -0.986154 -45.641101 0.016379 0.999726 0.016704 -0.222521 0.986205 -0.013401 -0.164988 -0.710728
-0.166812 0.019921 -0.985787 -46.440578 0.019635 0.999665 0.016879 -0.223048 0.985793 -0.016540 -0.167147 -0.852710
-0.169072 0.023256 -0.985329 -47.222887 0.025965 0.999480 0.019135 -0.222823 0.985262 -0.022349 -0.169588 -0.990883
-0.170246 0.025405 -0.985074 -48.036801 0.030575 0.999322 0.020488 -0.220930 0.984927 -0.026630 -0.170907 -1.137565
-0.172051 0.026028 -0.984744 -48.808208 0.029844 0.999330 0.021200 -0.218536 0.984636 -0.025741 -0.172712 -1.278796
-0.172631 0.022469 -0.984730 -49.570867 0.026633 0.999481 0.018136 -0.216922 0.984627 -0.023096 -0.173139 -1.419148
-0.174105 0.017781 -0.984566 -50.303525 0.023451 0.999628 0.013906 -0.218241 0.984448 -0.020668 -0.174457 -1.555448
-0.174675 0.013739 -0.984530 -51.059061 0.022964 0.999688 0.009876 -0.222571 0.984358 -0.020883 -0.174936 -1.696824
-0.175018 0.012472 -0.984486 -51.825344 0.024162 0.999673 0.008369 -0.229147 0.984269 -0.022322 -0.175262 -1.837411
-0.175225 0.013899 -0.984430 -52.584017 0.026176 0.999613 0.009454 -0.235991 0.984180 -0.024112 -0.175521 -1.974236
-0.176218 0.012212 -0.984275 -53.333229 0.026400 0.999622 0.007676 -0.242942 0.983997 -0.024633 -0.176473 -2.110280
-0.176020 0.011973 -0.984314 -54.063368 0.026778 0.999614 0.007370 -0.250649 0.984022 -0.025061 -0.176273 -2.241502
-0.173317 0.015234 -0.984748 -54.849702 0.028626 0.999536 0.010424 -0.257688 0.984450 -0.026382 -0.173672 -2.378438
-0.173337 0.016671 -0.984721 -55.611981 0.032322 0.999414 0.011230 -0.263035 0.984332 -0.029882 -0.173775 -2.514162
-0.172718 0.018413 -0.984799 -56.375441 0.036619 0.999254 0.012261 -0.267713 0.984290 -0.033944 -0.173263 -2.651670
-0.171416 0.019980 -0.984996 -57.157782 0.039023 0.999147 0.013476 -0.271595 0.984426 -0.036127 -0.172050 -2.794184
-0.170900 0.022131 -0.985040 -57.960977 0.040199 0.999072 0.015472 -0.274231 0.984468 -0.036953 -0.171631 -2.938856
-0.171061 0.021662 -0.985022 -58.739071 0.039078 0.999121 0.015185 -0.276077 0.984485 -0.035895 -0.171757 -3.078329
-0.170311 0.020704 -0.985173 -59.512914 0.035803 0.999249 0.014810 -0.278182 0.984740 -0.032749 -0.170925 -3.216314
-0.169234 0.020890 -0.985354 -60.248014 0.033354 0.999324 0.015457 -0.280403 0.985011 -0.030250 -0.169816 -3.350452
-0.166827 0.019192 -0.985799 -60.954670 0.031689 0.999398 0.014094 -0.282875 0.985477 -0.028888 -0.167335 -3.477679
-0.163863 0.017344 -0.986331 -61.676959 0.031764 0.999420 0.012297 -0.286382 0.985972 -0.029315 -0.164319 -3.602634
-0.158704 0.016580 -0.987187 -62.361425 0.033488 0.999374 0.011401 -0.290880 0.986758 -0.031250 -0.159160 -3.716594
-0.152756 0.016409 -0.988128 -63.013779 0.035062 0.999323 0.011174 -0.295732 0.987642 -0.032939 -0.153228 -3.820682
-0.144800 0.016383 -0.989325 -63.650959 0.036729 0.999263 0.011172 -0.300573 0.988779 -0.034719 -0.145295 -3.914145
-0.135682 0.015888 -0.990625 -64.307147 0.038348 0.999206 0.010773 -0.305534 0.990010 -0.036527 -0.136184 -4.003130
-0.123064 0.014982 -0.992286 -64.955123 0.040465 0.999130 0.010067 -0.310827 0.991573 -0.038913 -0.123563 -4.083216
-0.108543 0.013056 -0.994006 -65.542273 0.042528 0.999059 0.008478 -0.316830 0.993182 -0.041353 -0.108996 -4.150424
-0.091340 0.012323 -0.995743 -66.089532 0.044160 0.998990 0.008313 -0.323119 0.994840 -0.043213 -0.091792 -4.202522
-0.070177 0.011982 -0.997463 -66.616987 0.044772 0.998958 0.008850 -0.329025 0.996529 -0.044037 -0.070640 -4.236381
-0.045617 0.012489 -0.998881 -67.137852 0.045456 0.998912 0.010413 -0.334140 0.997924 -0.044930 -0.046135 -4.252502
-0.016074 0.014184 -0.999770 -67.642856 0.045744 0.998863 0.013435 -0.337608 0.998824 -0.045518 -0.016705 -4.244994
0.017631 0.016029 -0.999716 -68.111652 0.046068 0.998797 0.016826 -0.339458 0.998783 -0.046352 0.016871 -4.220295
0.056367 0.018024 -0.998247 -68.563544 0.046234 0.998717 0.020643 -0.339482 0.997339 -0.047316 0.055461 -4.173365
0.097719 0.019875 -0.995016 -69.025846 0.045702 0.998656 0.024436 -0.337572 0.994164 -0.047862 0.096679 -4.104312
0.143624 0.022313 -0.989381 -69.453287 0.045815 0.998524 0.029170 -0.334037 0.988571 -0.049518 0.142389 -4.019228
0.194518 0.025930 -0.980556 -69.882096 0.043799 0.998424 0.035092 -0.327974 0.979921 -0.049774 0.193076 -3.912687
0.244861 0.034747 -0.968935 -70.280862 0.038958 0.998198 0.045641 -0.318248 0.968775 -0.048924 0.243066 -3.784822
0.297412 0.042653 -0.953796 -70.680000 0.033064 0.997942 0.054937 -0.304488 0.954176 -0.047876 0.295390 -3.635821
0.350889 0.050470 -0.935056 -71.058715 0.027646 0.997553 0.064218 -0.287704 0.936009 -0.048384 0.348636 -3.475852
0.403409 0.051781 -0.913553 -71.448666 0.024198 0.997445 0.067221 -0.268195 0.914700 -0.049223 0.401125 -3.288615
0.453625 0.054176 -0.889545 -71.816472 0.021175 0.997214 0.071532 -0.247782 0.890941 -0.051285 0.451213 -3.087855
0.501395 0.062340 -0.862970 -72.146623 0.017257 0.996482 0.082011 -0.225291 0.865046 -0.056012 0.498555 -2.880465
0.548974 0.073699 -0.832584 -72.468750 0.011931 0.995313 0.095970 -0.196952 0.835755 -0.062618 0.545521 -2.644353
0.591337 0.078051 -0.802639 -72.803919 0.003454 0.995051 0.099306 -0.164448 0.806417 -0.061495 0.588141 -2.382639
0.635167 0.081602 -0.768052 -73.163189 -0.010570 0.995229 0.096997 -0.127928 0.772302 -0.053491 0.632999 -2.064949
0.677801 0.086870 -0.730095 -73.480685 -0.027867 0.995317 0.092556 -0.096057 0.734717 -0.042389 0.677048 -1.743638
0.719663 0.090625 -0.688384 -73.779073 -0.042685 0.995345 0.086411 -0.067078 0.693011 -0.032803 0.720181 -1.399882
0.759982 0.092259 -0.643363 -74.052889 -0.050804 0.995278 0.082711 -0.040986 0.647956 -0.030174 0.761080 -1.051551
0.798257 0.093749 -0.594976 -74.332341 -0.057221 0.995149 0.080032 -0.013374 0.599592 -0.029842 0.799749 -0.656771
0.832729 0.093853 -0.545668 -74.614039 -0.064244 0.995250 0.073140 0.014573 0.549941 -0.025850 0.834804 -0.200079
0.862703 0.090363 -0.497572 -74.892877 -0.065288 0.995574 0.067606 0.041824 0.501479 -0.025839 0.864784 0.311035
0.886833 0.086153 -0.453987 -75.135296 -0.066500 0.996034 0.059113 0.063776 0.457279 -0.022233 0.889045 0.815494
0.907174 0.083694 -0.412348 -75.345695 -0.069305 0.996354 0.049757 0.079823 0.415009 -0.016560 0.909667 1.309310
0.923745 0.080151 -0.374529 -75.541665 -0.069153 0.996690 0.042738 0.092223 0.376715 -0.013579 0.926230 1.830276
0.936343 0.077414 -0.342445 -75.716919 -0.067832 0.996899 0.039888 0.101991 0.344471 -0.014120 0.938691 2.343594
0.945308 0.076168 -0.317161 -75.885028 -0.067002 0.996962 0.039726 0.111774 0.319223 -0.016303 0.947539 2.885008
0.952943 0.073682 -0.294058 -76.058924 -0.065196 0.997127 0.038573 0.122868 0.296056 -0.017586 0.955009 3.451373
0.958861 0.070008 -0.275109 -76.234344 -0.062648 0.997406 0.035460 0.133866 0.276877 -0.016766 0.960759 4.049008
0.963748 0.067289 -0.258190 -76.404879 -0.061302 0.997632 0.031178 0.143067 0.259677 -0.014220 0.965591 4.668364
0.967317 0.064488 -0.245231 -76.564361 -0.059960 0.997865 0.025893 0.149082 0.246378 -0.010343 0.969119 5.278417
0.971068 0.064779 -0.229848 -76.734729 -0.060289 0.997829 0.026509 0.154615 0.231066 -0.011885 0.972866 6.011495
0.974145 0.064875 -0.216410 -76.878060 -0.060688 0.997820 0.025942 0.159281 0.217621 -0.012137 0.975958 6.655047
0.977325 0.063984 -0.201844 -77.018598 -0.060080 0.997870 0.025417 0.163974 0.203041 -0.012714 0.979088 7.338240
0.980184 0.062614 -0.187931 -77.154493 -0.059307 0.997971 0.023173 0.168118 0.189000 -0.011568 0.981909 8.031077
0.982443 0.064317 -0.175124 -77.277682 -0.061367 0.997868 0.022214 0.170862 0.176179 -0.011078 0.984296 8.725820
0.983924 0.067864 -0.165193 -77.395676 -0.065380 0.997651 0.020432 0.172793 0.166192 -0.009303 0.986050 9.441352
0.985047 0.074115 -0.155530 -77.512073 -0.071572 0.997195 0.021897 0.174733 0.156717 -0.010438 0.987588 10.195233
0.986308 0.074569 -0.147094 -77.630649 -0.072120 0.997155 0.021918 0.178006 0.148310 -0.011010 0.988880 10.967840
0.987752 0.068044 -0.140417 -77.747468 -0.065764 0.997618 0.020822 0.181311 0.141499 -0.011333 0.989874 11.741605
0.989367 0.060339 -0.132332 -77.860688 -0.058374 0.998120 0.018687 0.183484 0.133210 -0.010764 0.991029 12.549037
0.990147 0.056707 -0.128034 -77.966772 -0.054787 0.998327 0.018467 0.184516 0.128867 -0.011271 0.991598 13.322523
0.990574 0.058411 -0.123904 -78.065983 -0.056369 0.998211 0.019924 0.185729 0.124846 -0.012751 0.992094 14.070698
0.990903 0.059809 -0.120556 -78.160242 -0.057602 0.998103 0.021715 0.188023 0.121626 -0.014574 0.992469 14.800851
0.991373 0.058136 -0.117476 -78.253566 -0.055764 0.998170 0.023376 0.191715 0.118620 -0.016624 0.992801 15.537827
0.991871 0.055898 -0.114309 -78.340680 -0.053218 0.998235 0.026366 0.196765 0.115581 -0.020068 0.993095 16.262625
0.992305 0.053844 -0.111497 -78.425653 -0.050986 0.998298 0.028324 0.203543 0.112832 -0.022421 0.993361 16.970779
0.992509 0.056987 -0.108068 -78.516743 -0.054175 0.998116 0.028785 0.212320 0.109505 -0.022715 0.993727 17.742814
0.992271 0.063420 -0.106656 -78.603021 -0.060944 0.997794 0.026317 0.219907 0.108090 -0.019614 0.993948 18.473054
0.991940 0.070443 -0.105322 -78.691114 -0.068268 0.997375 0.024122 0.226183 0.106744 -0.016737 0.994146 19.229962
0.991780 0.075152 -0.103559 -78.769136 -0.073138 0.997054 0.023119 0.230205 0.104991 -0.015355 0.994355 19.894469
0.992161 0.073298 -0.101216 -78.845635 -0.071531 0.997218 0.020983 0.233248 0.102472 -0.013578 0.994643 20.581966
0.992772 0.067884 -0.098971 -78.928027 -0.066568 0.997645 0.016543 0.234704 0.099861 -0.009835 0.994953 21.302120
0.993266 0.062270 -0.097695 -79.013356 -0.061317 0.998037 0.012734 0.233298 0.098296 -0.006658 0.995135 22.066048
0.993643 0.060243 -0.095098 -79.098118 -0.059193 0.998151 0.013828 0.230244 0.095755 -0.008111 0.995372 22.882685
0.993722 0.060524 -0.094088 -79.179181 -0.059335 0.998119 0.015392 0.228216 0.094843 -0.009713 0.995445 23.673182
0.993823 0.061023 -0.092690 -79.256056 -0.059610 0.998060 0.017941 0.227588 0.093605 -0.012305 0.995533 24.443746
0.993796 0.062929 -0.091706 -79.328329 -0.061436 0.997930 0.019013 0.228182 0.092712 -0.013261 0.995605 25.199412
0.993697 0.065127 -0.091241 -79.397371 -0.063483 0.997766 0.020809 0.229637 0.092392 -0.014886 0.995611 25.941061
0.993799 0.063935 -0.090972 -79.469670 -0.062303 0.997843 0.020676 0.232162 0.092098 -0.014880 0.995639 26.736759
0.993734 0.062542 -0.092635 -79.553809 -0.061099 0.997963 0.018330 0.234822 0.093592 -0.012555 0.995531 27.599938
0.993613 0.063046 -0.093585 -79.629839 -0.061610 0.997935 0.018151 0.235543 0.094536 -0.012270 0.995446 28.371514
0.993468 0.062715 -0.095327 -79.701501 -0.061148 0.997942 0.019282 0.236217 0.096340 -0.013327 0.995259 29.089596
0.993312 0.062142 -0.097315 -79.779117 -0.060395 0.997958 0.020800 0.238177 0.098409 -0.014784 0.995036 29.864138
0.992893 0.062443 -0.101312 -79.861733 -0.060752 0.997959 0.019693 0.240655 0.102334 -0.013399 0.994660 30.638083
0.992652 0.062246 -0.103764 -79.951374 -0.060572 0.997979 0.019213 0.242812 0.104751 -0.012787 0.994416 31.447769
0.991897 0.067370 -0.107713 -80.042175 -0.065627 0.997651 0.019646 0.244760 0.108783 -0.012418 0.993988 32.248934
0.991297 0.071729 -0.110391 -80.132340 -0.069977 0.997355 0.019674 0.246717 0.111510 -0.011778 0.993694 33.013853
0.990847 0.073223 -0.113402 -80.221194 -0.071269 0.997232 0.021200 0.248885 0.114641 -0.012924 0.993323 33.795597
0.990688 0.072241 -0.115410 -80.318037 -0.070221 0.997300 0.021475 0.252309 0.116650 -0.013170 0.993086 34.634233
0.990319 0.071545 -0.118953 -80.426265 -0.069246 0.997326 0.023355 0.257287 0.120306 -0.014892 0.992625 35.497588
0.990158 0.070502 -0.120900 -80.530781 -0.067936 0.997371 0.025221 0.263323 0.122360 -0.016760 0.992344 36.327245
0.990089 0.067096 -0.123377 -80.644756 -0.064403 0.997593 0.025692 0.271243 0.124803 -0.017491 0.992027 37.203310
0.990363 0.061799 -0.123941 -80.769253 -0.059019 0.997919 0.025982 0.280403 0.125289 -0.018417 0.991949 38.125995
0.990471 0.058487 -0.124683 -80.881996 -0.055825 0.998134 0.024744 0.287996 0.125898 -0.017547 0.991888 38.972345
0.990746 0.058097 -0.122671 -80.994798 -0.055736 0.998190 0.022591 0.294276 0.123761 -0.015545 0.992190 39.833714
0.990858 0.058860 -0.121391 -81.104557 -0.056612 0.998156 0.021893 0.299066 0.122455 -0.014820 0.992363 40.703735
0.991096 0.061572 -0.118054 -81.205897 -0.059131 0.997960 0.024074 0.303662 0.119295 -0.016879 0.992715 41.525630
0.991062 0.063714 -0.117200 -81.315771 -0.060829 0.997754 0.028034 0.311671 0.118723 -0.020654 0.992713 42.418623
0.991338 0.063155 -0.115156 -81.432174 -0.060291 0.997783 0.028182 0.323023 0.116680 -0.020995 0.992948 43.376814
0.991586 0.061095 -0.114121 -81.557259 -0.057818 0.997820 0.031812 0.337328 0.115816 -0.024946 0.992957 44.449968
0.991901 0.057913 -0.113039 -81.665215 -0.054229 0.997901 0.035408 0.352343 0.114852 -0.028991 0.992959 45.345026
0.992134 0.057186 -0.111351 -81.770425 -0.053473 0.997918 0.036052 0.369251 0.113181 -0.029814 0.993127 46.225385
0.992066 0.059838 -0.110566 -81.871987 -0.056210 0.997782 0.035647 0.385966 0.112454 -0.029149 0.993229 47.092126
0.991710 0.065139 -0.110761 -81.978953 -0.061924 0.997560 0.032231 0.402332 0.112590 -0.025105 0.993324 47.996718
0.991314 0.070014 -0.111333 -82.081097 -0.067053 0.997295 0.030125 0.415561 0.113141 -0.022399 0.993326 48.893825
0.990930 0.075429 -0.111210 -82.180751 -0.073028 0.997003 0.025518 0.425438 0.112801 -0.017165 0.993469 49.747373
0.990988 0.076051 -0.110272 -82.284415 -0.073799 0.996975 0.024366 0.433029 0.111792 -0.016008 0.993603 50.630759
0.991415 0.070474 -0.110134 -82.379455 -0.067742 0.997300 0.028364 0.440499 0.111836 -0.020660 0.993512 51.467623
0.992078 0.059741 -0.110511 -82.486746 -0.056807 0.997949 0.029516 0.451812 0.112048 -0.023004 0.993437 52.358402
0.992392 0.051373 -0.111886 -82.593055 -0.048325 0.998387 0.029792 0.463731 0.113236 -0.024158 0.993274 53.255273
0.992004 0.054503 -0.113830 -82.689491 -0.051119 0.998166 0.032441 0.475072 0.115389 -0.026362 0.992971 54.076292
0.991523 0.059120 -0.115699 -82.785471 -0.055117 0.997776 0.037498 0.489159 0.117658 -0.030803 0.992576 54.888077
0.991079 0.060410 -0.118802 -82.888484 -0.056181 0.997673 0.038630 0.506389 0.120860 -0.031611 0.992166 55.694845
0.990511 0.063211 -0.122033 -82.993737 -0.058981 0.997537 0.037968 0.524009 0.124132 -0.030410 0.991800 56.506326
0.989677 0.067534 -0.126409 -83.106799 -0.063018 0.997235 0.039392 0.542588 0.128720 -0.031020 0.991196 57.342674
0.988976 0.071268 -0.129794 -83.222722 -0.066657 0.996993 0.039530 0.561850 0.132221 -0.030443 0.990753 58.173805
0.988152 0.075299 -0.133734 -83.326025 -0.070818 0.996767 0.037958 0.577912 0.136160 -0.028037 0.990290 58.917284
0.987552 0.074541 -0.138510 -83.442533 -0.070406 0.996921 0.034523 0.593969 0.140657 -0.024341 0.989759 59.723050
0.987125 0.072457 -0.142595 -83.560181 -0.068987 0.997192 0.029133 0.606028 0.144306 -0.018920 0.989352 60.495895
0.987041 0.065671 -0.146412 -83.684265 -0.062449 0.997696 0.026500 0.615185 0.147815 -0.017013 0.988869 61.290863
0.986787 0.059341 -0.150768 -83.813381 -0.055987 0.998082 0.026402 0.623168 0.152046 -0.017612 0.988217 62.092599
0.986078 0.056166 -0.156514 -83.942311 -0.052343 0.998224 0.028442 0.631378 0.157833 -0.019853 0.987266 62.880795
0.984936 0.055318 -0.163830 -84.087702 -0.051209 0.998261 0.029199 0.641761 0.165160 -0.020369 0.986056 63.705498
0.984156 0.051361 -0.169701 -84.225170 -0.046615 0.998405 0.031841 0.652067 0.171066 -0.023426 0.984981 64.459267
0.982649 0.051143 -0.178286 -84.372428 -0.046340 0.998444 0.031008 0.663494 0.179595 -0.022208 0.983490 65.214545
0.981270 0.050909 -0.185790 -84.527659 -0.046685 0.998543 0.027046 0.673445 0.186897 -0.017866 0.982217 65.981654
0.979568 0.053978 -0.193736 -84.691146 -0.049892 0.998418 0.025915 0.681425 0.194829 -0.015719 0.980711 66.762169
0.978085 0.057147 -0.200212 -84.849966 -0.052754 0.998237 0.027212 0.688619 0.201414 -0.016053 0.979375 67.505340
0.976466 0.058522 -0.207579 -85.026128 -0.054167 0.998177 0.026611 0.697069 0.208758 -0.014741 0.977856 68.271576
0.975556 0.053904 -0.213037 -85.209001 -0.049466 0.998434 0.026112 0.705223 0.214111 -0.014935 0.976695 69.062087
0.974471 0.048307 -0.219256 -85.413477 -0.044057 0.998735 0.024237 0.713574 0.220150 -0.013958 0.975366 69.927701
0.972843 0.045641 -0.226924 -85.602804 -0.040757 0.998826 0.026165 0.720263 0.227851 -0.016206 0.973561 70.722136
0.970624 0.049093 -0.235538 -85.809163 -0.043754 0.998654 0.027845 0.729033 0.236588 -0.016721 0.971466 71.551788
0.967844 0.056818 -0.245050 -86.010334 -0.051064 0.998251 0.029776 0.738491 0.246313 -0.016306 0.969053 72.340191
0.965163 0.059581 -0.254774 -86.221117 -0.053046 0.998065 0.032451 0.749959 0.256215 -0.017806 0.966456 73.132197
0.962165 0.057074 -0.266424 -86.437706 -0.049956 0.998192 0.033424 0.762832 0.267850 -0.018850 0.963276 73.902235
0.959057 0.052633 -0.278279 -86.672213 -0.044490 0.998379 0.035501 0.777527 0.279697 -0.021667 0.959844 74.703937
0.955221 0.045580 -0.292361 -86.912679 -0.036677 0.998683 0.035867 0.792903 0.293611 -0.023539 0.955635 75.475958
0.951883 0.041631 -0.303621 -87.149771 -0.032314 0.998842 0.035649 0.807218 0.304754 -0.024122 0.952126 76.204984
0.947547 0.044917 -0.316445 -87.384287 -0.036704 0.998818 0.031873 0.819180 0.317502 -0.018586 0.948075 76.889330
0.942601 0.053728 -0.329570 -87.646121 -0.046041 0.998456 0.031090 0.830579 0.330732 -0.014131 0.943619 77.631712
0.938305 0.059186 -0.340706 -87.905392 -0.051158 0.998161 0.032508 0.841484 0.342004 -0.013073 0.939608 78.332031
0.933963 0.056621 -0.352854 -88.163289 -0.047022 0.998255 0.035724 0.853532 0.354261 -0.016773 0.934996 78.998921
0.929648 0.049519 -0.365105 -88.467742 -0.038971 0.998584 0.036207 0.869467 0.366381 -0.019431 0.930262 79.760073
0.925525 0.045131 -0.375987 -88.754049 -0.033325 0.998728 0.037850 0.884279 0.377217 -0.022502 0.925852 80.452714
0.920354 0.048109 -0.388117 -89.055455 -0.034750 0.998539 0.041370 0.901296 0.389541 -0.024588 0.920681 81.151997
0.914720 0.052712 -0.400635 -89.371259 -0.039026 0.998345 0.042249 0.920598 0.402199 -0.023010 0.915263 81.872512
0.910096 0.059055 -0.410169 -89.691798 -0.044843 0.998016 0.044193 0.940692 0.411965 -0.021826 0.910938 82.586140
0.906086 0.065951 -0.417922 -90.016765 -0.051098 0.997604 0.046645 0.962287 0.419997 -0.020910 0.907284 83.286098
0.901988 0.067640 -0.426429 -90.350766 -0.052660 0.997513 0.046840 0.985306 0.428537 -0.019793 0.903307 83.987779
0.898012 0.065780 -0.435025 -90.681114 -0.052923 0.997731 0.041619 1.005834 0.436776 -0.014351 0.899456 84.660543
0.894416 0.064134 -0.442614 -91.019269 -0.050916 0.997832 0.041695 1.024330 0.444329 -0.014757 0.895742 85.338174
0.890931 0.060145 -0.450138 -91.390590 -0.044962 0.998003 0.044356 1.045624 0.451907 -0.019279 0.891857 86.053708
0.887827 0.054801 -0.456902 -91.753671 -0.037359 0.998190 0.047128 1.068038 0.458658 -0.024772 0.888268 86.743067
0.885088 0.044714 -0.463271 -92.120868 -0.029450 0.998760 0.040134 1.089242 0.464492 -0.021878 0.885307 87.434108
0.881476 0.042070 -0.470351 -92.482785 -0.030718 0.999022 0.031788 1.103772 0.471229 -0.013572 0.881906 88.098296
0.878137 0.049549 -0.475837 -92.844575 -0.038855 0.998723 0.032292 1.114707 0.476829 -0.009868 0.878941 88.755733
0.874881 0.059159 -0.480711 -93.201804 -0.046567 0.998189 0.038093 1.127490 0.482094 -0.010941 0.876051 89.395503
0.872703 0.059970 -0.484555 -93.572032 -0.047346 0.998145 0.038262 1.143291 0.485951 -0.010450 0.873924 90.046654
0.870550 0.052958 -0.489221 -93.956950 -0.041894 0.998559 0.033543 1.158292 0.490292 -0.008705 0.871515 90.709404
0.868060 0.048802 -0.494055 -94.312173 -0.037254 0.998754 0.033200 1.169506 0.495060 -0.010414 0.868797 91.321597
0.865343 0.051672 -0.498510 -94.683494 -0.038675 0.998590 0.036373 1.182113 0.499686 -0.012196 0.866121 91.956702
0.862497 0.057667 -0.502766 -95.051663 -0.045244 0.998295 0.036888 1.195846 0.504036 -0.009068 0.863635 92.581276
0.859221 0.064476 -0.507525 -95.429203 -0.052678 0.997904 0.037593 1.210358 0.508885 -0.005565 0.860817 93.213314
0.856558 0.065026 -0.511938 -95.794123 -0.053952 0.997877 0.036478 1.224079 0.513223 -0.003625 0.858248 93.812584
0.853640 0.060232 -0.517368 -96.183350 -0.049182 0.998174 0.035060 1.237983 0.518536 -0.004484 0.855044 94.441781
0.850059 0.057127 -0.523581 -96.569555 -0.046496 0.998359 0.033441 1.250475 0.524632 -0.004082 0.851319 95.051174
0.846736 0.056333 -0.529022 -96.958198 -0.045527 0.998403 0.033446 1.262099 0.530061 -0.004235 0.847949 95.664085
0.843948 0.056906 -0.533399 -97.362450 -0.045954 0.998371 0.033804 1.274246 0.534454 -0.004017 0.845188 96.299333
0.840938 0.058830 -0.537924 -97.749756 -0.046441 0.998251 0.036572 1.286574 0.539135 -0.005773 0.842200 96.905207
0.838206 0.057888 -0.542273 -98.138448 -0.045432 0.998306 0.036345 1.299864 0.543458 -0.005828 0.839416 97.502825
0.835231 0.057186 -0.546918 -98.524632 -0.044479 0.998345 0.036462 1.312855 0.548098 -0.006128 0.836392 98.089054
0.832061 0.056074 -0.551843 -98.913799 -0.043663 0.998411 0.035617 1.325635 0.552963 -0.005541 0.833187 98.668686
0.829715 0.058670 -0.555095 -99.239171 -0.046391 0.998268 0.036169 1.335362 0.556256 -0.004259 0.831000 99.152210
0.827488 0.063049 -0.557932 -99.585057 -0.050885 0.998007 0.037310 1.346482 0.559173 -0.002483 0.829047 99.658390
0.825635 0.065526 -0.560387 -99.941695 -0.053527 0.997850 0.037816 1.358562 0.561660 -0.001227 0.827367 100.175096
0.824069 0.061548 -0.563136 -100.330664 -0.049286 0.998100 0.036965 1.371998 0.564341 -0.002707 0.825537 100.733497
0.822956 0.054215 -0.565513 -100.732905 -0.039856 0.998493 0.037723 1.385855 0.566706 -0.008506 0.823876 101.309679
0.821666 0.047144 -0.568016 -101.135900 -0.029765 0.998763 0.039838 1.400593 0.569191 -0.015827 0.822053 101.883960
0.820268 0.044380 -0.570255 -101.530209 -0.024224 0.998786 0.042886 1.416567 0.571466 -0.021365 0.820348 102.439547
0.817991 0.046181 -0.573374 -101.937287 -0.024210 0.998653 0.045895 1.435141 0.574721 -0.023660 0.818007 103.008293
0.815950 0.048789 -0.576060 -102.352431 -0.027573 0.998583 0.045518 1.455024 0.577464 -0.021257 0.816139 103.581697
0.814984 0.051898 -0.577154 -102.746809 -0.030618 0.998447 0.046545 1.473885 0.578674 -0.020262 0.815307 104.133273
0.813062 0.053140 -0.579747 -103.134612 -0.031779 0.998392 0.046944 1.492780 0.581309 -0.019745 0.813443 104.674684
0.811345 0.053930 -0.582075 -103.538032 -0.031824 0.998334 0.048138 1.513048 0.583701 -0.020533 0.811709 105.241276
0.810764 0.052646 -0.583001 -103.896338 -0.030753 0.998403 0.047389 1.530626 0.584565 -0.020492 0.811088 105.735235
0.810174 0.051515 -0.583921 -104.222838 -0.028829 0.998427 0.048085 1.546284 0.585480 -0.022124 0.810385 106.185771
0.808483 0.051999 -0.586218 -104.528024 -0.028248 0.998370 0.049600 1.561228 0.587842 -0.023541 0.808633 106.605934
0.806743 0.052699 -0.588548 -104.844449 -0.027769 0.998296 0.051324 1.577654 0.590250 -0.025062 0.806831 107.036125
0.804947 0.053750 -0.590907 -105.155639 -0.028707 0.998250 0.051698 1.594099 0.592652 -0.024651 0.805081 107.454644
0.802942 0.055247 -0.593491 -105.451430 -0.031361 0.998232 0.050495 1.609092 0.595231 -0.021932 0.803255 107.849416
0.801092 0.058312 -0.595694 -105.749854 -0.035219 0.998111 0.050342 1.623941 0.597504 -0.019349 0.801632 108.244916
0.797212 0.061426 -0.600567 -106.006587 -0.036838 0.997906 0.053166 1.636927 0.602575 -0.020261 0.797805 108.582657
0.794378 0.063484 -0.604097 -106.257704 -0.035866 0.997690 0.057684 1.651194 0.606364 -0.024156 0.794820 108.912293
0.790535 0.062926 -0.609175 -106.499303 -0.034284 0.997694 0.058569 1.665235 0.611456 -0.025416 0.790870 109.220810
0.786408 0.059410 -0.614844 -106.733106 -0.031964 0.997945 0.055543 1.677529 0.616880 -0.024027 0.786690 109.510110
0.782107 0.053274 -0.620863 -106.957342 -0.027443 0.998317 0.051091 1.687361 0.622540 -0.022920 0.782252 109.778191
0.777691 0.045578 -0.626992 -107.194431 -0.019363 0.998632 0.048576 1.696947 0.628348 -0.025637 0.777510 110.062085
0.772722 0.043375 -0.633260 -107.402498 -0.015505 0.998655 0.049483 1.704865 0.634555 -0.028418 0.772355 110.306906
0.766279 0.044977 -0.640931 -107.597156 -0.014227 0.998490 0.053060 1.712999 0.642350 -0.031540 0.765762 110.531254
0.758147 0.046106 -0.650452 -107.783593 -0.012788 0.998357 0.055862 1.721166 0.651959 -0.034034 0.757490 110.735996
0.748761 0.046959 -0.661174 -107.958480 -0.011067 0.998234 0.058365 1.728989 0.662747 -0.036384 0.747959 110.920480
0.736459 0.046521 -0.674881 -108.150649 -0.009432 0.998242 0.058519 1.737527 0.676416 -0.036732 0.735603 111.112658
0.723101 0.045769 -0.689224 -108.329570 -0.009112 0.998348 0.056737 1.744265 0.690682 -0.034746 0.722323 111.282411
0.707439 0.047394 -0.705184 -108.509991 -0.010401 0.998339 0.056663 1.750981 0.706698 -0.032751 0.706757 111.446406
0.690185 0.050801 -0.721848 -108.697426 -0.015017 0.998323 0.055901 1.757628 0.723477 -0.027742 0.689790 111.607604
0.673457 0.054564 -0.737209 -108.867943 -0.018941 0.998218 0.056579 1.763407 0.738983 -0.024141 0.673291 111.747852
0.655891 0.055001 -0.752849 -109.055930 -0.022495 0.998323 0.053337 1.768888 0.754520 -0.018048 0.656029 111.892325
0.638184 0.051220 -0.768178 -109.270688 -0.024045 0.998624 0.046610 1.773783 0.769508 -0.011275 0.638538 112.048280
0.619908 0.048803 -0.783155 -109.449816 -0.023672 0.998773 0.043503 1.776321 0.784317 -0.008429 0.620303 112.171430
0.598507 0.050856 -0.799502 -109.622481 -0.021775 0.998647 0.047223 1.780023 0.800822 -0.010854 0.598805 112.284870
0.576822 0.052562 -0.815177 -109.816512 -0.020321 0.998542 0.050006 1.784986 0.816617 -0.012279 0.577050 112.406432
0.553132 0.051998 -0.831469 -110.019932 -0.017582 0.998557 0.050751 1.790188 0.832908 -0.013453 0.553248 112.521762
0.527148 0.048061 -0.848413 -110.241592 -0.014571 0.998764 0.047525 1.794899 0.849649 -0.012690 0.527196 112.637092
0.499656 0.044135 -0.865099 -110.449784 -0.010381 0.998935 0.044967 1.798284 0.866162 -0.013488 0.499582 112.732408
0.472144 0.041565 -0.880541 -110.663152 -0.007576 0.999042 0.043097 1.801319 0.881489 -0.013677 0.472007 112.822690
0.444039 0.038236 -0.895191 -110.886357 -0.005562 0.999187 0.039919 1.803716 0.895990 -0.012746 0.443891 112.903869
0.414765 0.033364 -0.909317 -111.114962 -0.002852 0.999370 0.035368 1.804964 0.909924 -0.012076 0.414599 112.976272
0.384927 0.030450 -0.922445 -111.331289 -0.000512 0.999462 0.032779 1.805308 0.922947 -0.012146 0.384735 113.040243
0.354243 0.031687 -0.934616 -111.541831 -0.000157 0.999428 0.033825 1.806002 0.935153 -0.011836 0.354046 113.099370
0.320847 0.032457 -0.946575 -111.759229 -0.002272 0.999436 0.033500 1.806614 0.947128 -0.008598 0.320739 113.146136
0.285067 0.034233 -0.957896 -111.993088 -0.005463 0.999404 0.034091 1.807864 0.958492 -0.004486 0.285084 113.188416
0.244872 0.034920 -0.968926 -112.228663 -0.006481 0.999388 0.034379 1.809225 0.969534 -0.002138 0.244948 113.219775
0.201817 0.035651 -0.978774 -112.482583 -0.005697 0.999363 0.035227 1.811282 0.979407 -0.001534 0.201892 113.244036
0.156866 0.036707 -0.986938 -112.781220 -0.005150 0.999326 0.036349 1.814683 0.987607 -0.000619 0.156949 113.264302
0.107875 0.038083 -0.993435 -113.095484 -0.005673 0.999273 0.037691 1.818811 0.994148 0.001570 0.108013 113.273378
0.058421 0.039036 -0.997528 -113.439525 -0.005559 0.999232 0.038777 1.824030 0.998277 0.003280 0.058593 113.271148
0.005919 0.039753 -0.999192 -113.791575 -0.003907 0.999203 0.039730 1.829830 0.999975 0.003669 0.006069 113.249988
-0.046915 0.040740 -0.998068 -114.155260 -0.001082 0.999165 0.040836 1.836364 0.998898 0.002996 -0.046832 113.209113
-0.101556 0.044120 -0.993851 -114.539989 0.002842 0.999025 0.044059 1.844556 0.994826 0.001650 -0.101582 113.150726
-0.156438 0.047956 -0.986523 -114.913265 0.007158 0.998849 0.047420 1.853696 0.987662 0.000357 -0.156601 113.073523
-0.211499 0.051358 -0.976028 -115.306442 0.011268 0.998680 0.050108 1.864724 0.977313 -0.000400 -0.211799 112.968466
-0.265678 0.054894 -0.962498 -115.702119 0.015688 0.998492 0.052616 1.877043 0.963934 -0.001121 -0.266139 112.839458
-0.317762 0.057053 -0.946452 -116.091531 0.019889 0.998369 0.053505 1.889825 0.947962 -0.001822 -0.318379 112.688116
-0.368076 0.059797 -0.927871 -116.495190 0.023273 0.998210 0.055098 1.904131 0.929505 -0.001314 -0.368808 112.506170
-0.415706 0.064396 -0.907217 -116.916278 0.026137 0.997924 0.058859 1.921057 0.909124 0.000756 -0.416526 112.291519
-0.462204 0.068152 -0.884151 -117.299515 0.029151 0.997671 0.061663 1.938038 0.886294 0.002727 -0.463115 112.065668
-0.505966 0.071303 -0.859601 -117.709585 0.032288 0.997445 0.063732 1.958132 0.861949 0.004492 -0.506976 111.797578
-0.546391 0.073216 -0.834324 -118.098305 0.035373 0.997300 0.064352 1.978154 0.836783 0.005649 -0.547506 111.519143
-0.585427 0.074873 -0.807261 -118.511994 0.038176 0.997168 0.064802 2.000809 0.809826 0.007119 -0.586627 111.191569
-0.618404 0.074921 -0.782281 -118.900922 0.040752 0.997163 0.063286 2.022269 0.784803 0.007256 -0.619702 110.856915
-0.645954 0.074524 -0.759730 -119.302690 0.042734 0.997193 0.061483 2.044508 0.762179 0.007250 -0.647325 110.484543
-0.668200 0.073160 -0.740375 -119.703361 0.044179 0.997299 0.058676 2.066106 0.742669 0.006499 -0.669628 110.092020
-0.685120 0.072193 -0.724844 -120.126420 0.044730 0.997368 0.057056 2.088516 0.727055 0.006668 -0.686547 109.665290
-0.697923 0.071573 -0.712587 -120.555392 0.046438 0.997422 0.054699 2.110484 0.714666 0.005085 -0.699448 109.228481
-0.708174 0.072065 -0.702350 -120.975279 0.047590 0.997387 0.054353 2.131474 0.704432 0.005067 -0.709754 108.793047
