1.000000 0.000000 0.000000 0.000000 0.000000 1.000000 0.000000 0.000000 0.000000 0.000000 1.000000 0.000000
0.999995 -0.002858 -0.001343 0.000657 0.002862 0.999992 0.002753 -0.022845 0.001335 -0.002757 0.999995 1.512447
0.999988 -0.003919 -0.002895 -0.003315 0.003931 0.999985 0.003932 -0.041932 0.002880 -0.003943 0.999988 3.021237
0.999984 -0.003548 -0.004374 -0.012241 0.003562 0.999989 0.003072 -0.059736 0.004363 -0.003087 0.999986 4.519982
0.999979 -0.003457 -0.005506 -0.021441 0.003473 0.999989 0.003032 -0.078239 0.005496 -0.003051 0.999980 5.981169
0.999972 -0.004182 -0.006262 -0.030394 0.004202 0.999986 0.003175 -0.096491 0.006249 -0.003201 0.999975 7.415795
0.999954 -0.004792 -0.008324 -0.041397 0.004830 0.999978 0.004561 -0.114840 0.008302 -0.004601 0.999955 8.918926
0.999932 -0.004009 -0.010924 -0.058196 0.004093 0.999962 0.007686 -0.130696 0.010893 -0.007731 0.999911 10.434888
0.999910 -0.004300 -0.012731 -0.079021 0.004415 0.999950 0.008997 -0.141859 0.012692 -0.009053 0.999878 11.861473
0.999903 -0.004331 -0.013257 -0.103528 0.004454 0.999947 0.009253 -0.151601 0.013216 -0.009311 0.999869 13.327319
0.999901 -0.004058 -0.013451 -0.124560 0.004179 0.999951 0.009000 -0.161003 0.013414 -0.009055 0.999869 14.748686
0.999892 -0.004598 -0.013979 -0.148509 0.004703 0.999961 0.007451 -0.171245 0.013944 -0.007516 0.999875 16.203020
0.999869 -0.005294 -0.015264 -0.171418 0.005393 0.999965 0.006434 -0.182889 0.015229 -0.006516 0.999863 17.529260
0.999855 -0.005799 -0.016001 -0.195801 0.005900 0.999963 0.006290 -0.196145 0.015964 -0.006384 0.999852 18.934417
0.999848 -0.005895 -0.016386 -0.218798 0.005996 0.999964 0.006081 -0.209728 0.016349 -0.006178 0.999847 20.350737
0.999840 -0.005995 -0.016839 -0.245312 0.006092 0.999965 0.005717 -0.223661 0.016804 -0.005819 0.999842 21.770957
0.999834 -0.005855 -0.017233 -0.270754 0.005952 0.999967 0.005588 -0.238244 0.017199 -0.005690 0.999836 23.217052
0.999824 -0.006746 -0.017495 -0.298085 0.006847 0.999960 0.005762 -0.253010 0.017455 -0.005881 0.999830 24.677501
0.999830 -0.006135 -0.017380 -0.326771 0.006238 0.999963 0.005869 -0.267285 0.017343 -0.005976 0.999832 26.102389
0.999844 -0.004171 -0.017187 -0.351411 0.004267 0.999976 0.005548 -0.281325 0.017164 -0.005621 0.999837 27.491377
0.999849 -0.003988 -0.016890 -0.376067 0.004105 0.999968 0.006937 -0.294974 0.016862 -0.007005 0.999833 28.837519
0.999853 -0.006280 -0.015943 -0.399074 0.006413 0.999945 0.008307 -0.306577 0.015890 -0.008408 0.999838 30.156346
0.999836 -0.008088 -0.016214 -0.420874 0.008253 0.999915 0.010128 -0.316164 0.016130 -0.010260 0.999817 31.456431
0.999852 -0.007184 -0.015651 -0.443472 0.007367 0.999905 0.011672 -0.323536 0.015566 -0.011786 0.999809 32.771840
0.999878 -0.005329 -0.014670 -0.467373 0.005508 0.999910 0.012238 -0.329105 0.014604 -0.012317 0.999817 34.048459
0.999893 -0.004565 -0.013914 -0.490745 0.004730 0.999918 0.011858 -0.334146 0.013859 -0.011923 0.999833 35.239778
0.999911 -0.004036 -0.012718 -0.513167 0.004180 0.999927 0.011327 -0.339740 0.012672 -0.011379 0.999855 36.495107
0.999924 -0.004836 -0.011371 -0.534024 0.004961 0.999927 0.011012 -0.345987 0.011317 -0.011067 0.999875 37.791311
0.999923 -0.006830 -0.010329 -0.551915 0.006948 0.999910 0.011487 -0.352333 0.010249 -0.011558 0.999881 39.043245
0.999929 -0.008176 -0.008615 -0.568873 0.008284 0.999888 0.012501 -0.357923 0.008512 -0.012571 0.999885 40.282878
0.999935 -0.008774 -0.007261 -0.583573 0.008862 0.999887 0.012144 -0.362658 0.007154 -0.012207 0.999900 41.497905
0.999956 -0.008841 -0.003004 -0.594612 0.008877 0.999888 0.012066 -0.367735 0.002897 -0.012092 0.999923 42.663416
0.999967 -0.008058 -0.000423 -0.598924 0.008062 0.999889 0.012527 -0.372782 0.000322 -0.012530 0.999921 43.865384
0.999975 -0.006230 0.003242 -0.601732 0.006189 0.999901 0.012603 -0.377386 -0.003320 -0.012582 0.999915 45.039768
0.999945 -0.006992 0.007848 -0.600876 0.006894 0.999898 0.012536 -0.381889 -0.007935 -0.012481 0.999891 46.176514
0.999903 -0.007532 0.011742 -0.595194 0.007380 0.999890 0.012859 -0.386358 -0.011838 -0.012771 0.999848 47.266314
0.999830 -0.006528 0.017239 -0.586140 0.006330 0.999914 0.011495 -0.390971 -0.017312 -0.011384 0.999785 48.381741
0.999677 -0.006779 0.024491 -0.570501 0.006529 0.999926 0.010259 -0.397079 -0.024559 -0.010095 0.999647 49.516965
0.999422 -0.008019 0.033025 -0.546505 0.007726 0.999930 0.009000 -0.404482 -0.033095 -0.008740 0.999414 50.606822
0.999024 -0.008575 0.043337 -0.513850 0.008263 0.999939 0.007363 -0.413411 -0.043398 -0.006997 0.999033 51.708235
0.998431 -0.008974 0.055272 -0.466156 0.008681 0.999947 0.005535 -0.424388 -0.055319 -0.005047 0.998456 52.840045
0.997475 -0.009569 0.070369 -0.402930 0.009294 0.999948 0.004238 -0.436789 -0.070406 -0.003573 0.997512 53.897725
0.996182 -0.011080 0.086595 -0.317783 0.010881 0.999937 0.002770 -0.451235 -0.086620 -0.001818 0.996240 55.027957
0.994456 -0.012529 0.104402 -0.216774 0.012346 0.999921 0.002405 -0.466473 -0.104423 -0.001102 0.994532 56.099911
0.992291 -0.012854 0.123263 -0.100259 0.012544 0.999916 0.003291 -0.481234 -0.123295 -0.001719 0.992369 57.119652
0.989573 -0.012870 0.143457 0.040787 0.012341 0.999913 0.004575 -0.495149 -0.143504 -0.002757 0.989646 58.154662
0.986252 -0.013420 0.164701 0.205635 0.012261 0.999892 0.008051 -0.506930 -0.164791 -0.005921 0.986311 59.164405
0.982076 -0.016223 0.187787 0.398332 0.013840 0.999806 0.013997 -0.514452 -0.187977 -0.011148 0.982110 60.174453
0.977115 -0.018659 0.211894 0.614734 0.014738 0.999690 0.020068 -0.515795 -0.212203 -0.016486 0.977087 61.184396
0.971316 -0.019980 0.236950 0.855545 0.013898 0.999530 0.027312 -0.510751 -0.237384 -0.023235 0.971138 62.158800
0.964734 -0.020046 0.262464 1.120751 0.011309 0.999332 0.034755 -0.498516 -0.262985 -0.030561 0.964316 63.118782
0.957252 -0.021707 0.288438 1.395355 0.010963 0.999186 0.038812 -0.480253 -0.289046 -0.033991 0.956712 64.056339
0.948207 -0.024471 0.316710 1.693818 0.012077 0.999085 0.041038 -0.458275 -0.317424 -0.035087 0.947634 64.996284
0.938166 -0.028160 0.345038 2.012561 0.013420 0.998895 0.045034 -0.434895 -0.345925 -0.037619 0.937508 65.881135
0.927109 -0.029234 0.373651 2.352201 0.011903 0.998747 0.048605 -0.408445 -0.374604 -0.040614 0.926295 66.739715
0.914929 -0.025370 0.402817 2.702493 0.005958 0.998763 0.049372 -0.380613 -0.403571 -0.042772 0.913948 67.561763
0.901608 -0.022005 0.431994 3.089657 -0.001309 0.998562 0.053597 -0.350547 -0.432552 -0.048889 0.900283 68.386913
0.887405 -0.021329 0.460498 3.510980 -0.006119 0.998296 0.058030 -0.315921 -0.460951 -0.054314 0.885762 69.214517
0.871238 -0.024023 0.490273 3.960964 -0.005392 0.998273 0.058497 -0.277599 -0.490831 -0.053608 0.869604 70.042254
0.851469 -0.027284 0.523695 4.537892 -0.000731 0.998583 0.053214 -0.232167 -0.524405 -0.045693 0.850242 71.010615
0.831743 -0.029748 0.554363 5.043081 0.001378 0.998671 0.051523 -0.199895 -0.555159 -0.042089 0.830678 71.782061
0.810565 -0.024141 0.585151 5.572814 -0.005158 0.998817 0.048353 -0.169690 -0.585626 -0.042212 0.809481 72.535055
0.789775 -0.016055 0.613187 6.080938 -0.014888 0.998861 0.045328 -0.145302 -0.613216 -0.044928 0.788636 73.204101
0.768585 -0.014177 0.639590 6.629742 -0.018229 0.998863 0.044046 -0.122120 -0.639487 -0.045513 0.767453 73.876384
0.745670 -0.017128 0.666096 7.205944 -0.016747 0.998872 0.044432 -0.099773 -0.666105 -0.044287 0.744542 74.524696
0.722144 -0.017890 0.691512 7.787881 -0.017331 0.998884 0.043940 -0.077995 -0.691526 -0.043715 0.721028 75.137281
0.698059 -0.016666 0.715846 8.386036 -0.021824 0.998769 0.044535 -0.056495 -0.715707 -0.046710 0.696836 75.726493
0.672691 -0.014292 0.739786 9.027743 -0.026147 0.998730 0.043070 -0.033929 -0.739462 -0.048316 0.671463 76.321565
0.647554 -0.012700 0.761913 9.662083 -0.028382 0.998765 0.040770 -0.013832 -0.761490 -0.048025 0.646395 76.873338
0.622259 -0.012380 0.782714 10.340036 -0.030290 0.998745 0.039878 0.005257 -0.782225 -0.048523 0.621103 77.417576
0.595370 -0.007949 0.803413 11.021319 -0.037191 0.998607 0.037441 0.022771 -0.802591 -0.052171 0.594244 77.931942
0.567016 -0.000803 0.823707 11.764764 -0.048070 0.998263 0.034063 0.038865 -0.822303 -0.058910 0.565992 78.450503
0.536767 0.005016 0.843716 12.477558 -0.056646 0.997940 0.030106 0.050531 -0.841827 -0.063953 0.535946 78.912424
0.507126 0.009457 0.861820 13.174910 -0.060720 0.997847 0.024780 0.057635 -0.859730 -0.064896 0.506609 79.327425
0.475375 0.010490 0.879721 13.967865 -0.058465 0.998095 0.019692 0.061750 -0.877839 -0.060794 0.475083 79.767435
0.443283 0.012883 0.896289 14.769894 -0.054109 0.998458 0.012410 0.060543 -0.894747 -0.053998 0.443297 80.173925
0.410588 0.016615 0.911670 15.592491 -0.052558 0.998603 0.005471 0.052932 -0.910305 -0.050162 0.410887 80.554941
0.376968 0.022976 0.925941 16.445470 -0.051882 0.998647 -0.003658 0.038016 -0.924772 -0.046661 0.377650 80.909841
0.342736 0.028192 0.939009 17.286513 -0.051032 0.998632 -0.011355 0.015870 -0.938045 -0.044027 0.343706 81.229914
0.308595 0.030739 0.950697 18.169215 -0.047943 0.998710 -0.016729 -0.013474 -0.949985 -0.040417 0.309670 81.527090
0.273689 0.031919 0.961289 19.048179 -0.045676 0.998753 -0.020159 -0.046841 -0.960733 -0.038391 0.274805 81.786800
0.238254 0.031497 0.970692 19.961486 -0.043309 0.998824 -0.021779 -0.083811 -0.970237 -0.036851 0.239338 82.018691
0.207206 0.030209 0.977831 20.830819 -0.040914 0.998916 -0.022190 -0.120124 -0.977441 -0.035409 0.208218 82.204494
0.172570 0.023767 0.984711 21.717285 -0.039356 0.999077 -0.017217 -0.156013 -0.984211 -0.035784 0.173346 82.355284
0.138846 0.022016 0.990069 22.641727 -0.041987 0.998985 -0.016326 -0.189249 -0.989423 -0.039303 0.139630 82.488590
0.106469 0.022914 0.994052 23.579773 -0.046499 0.998755 -0.018042 -0.222326 -0.993228 -0.044302 0.107402 82.600086
0.076458 0.017761 0.996915 24.473821 -0.048801 0.998710 -0.014050 -0.254363 -0.995878 -0.047576 0.077226 82.669375
0.049153 0.015277 0.998674 25.333855 -0.046993 0.998811 -0.012966 -0.282143 -0.997685 -0.046294 0.049813 82.718507
0.024290 0.015727 0.999581 26.265399 -0.043657 0.998939 -0.014656 -0.311119 -0.998751 -0.043283 0.024951 82.755710
0.002448 0.014711 0.999889 27.209441 -0.040459 0.999075 -0.014600 -0.341528 -0.999178 -0.040419 0.003041 82.770194
-0.014199 0.013692 0.999806 28.125704 -0.042467 0.998996 -0.014284 -0.371150 -0.998997 -0.042662 -0.013603 82.764060
-0.029466 0.010725 0.999508 29.019781 -0.047478 0.998799 -0.012117 -0.399473 -0.998438 -0.047812 -0.028921 82.741886
-0.042032 0.007807 0.999086 29.934565 -0.051330 0.998632 -0.009963 -0.426348 -0.997797 -0.051701 -0.041574 82.707070
-0.053086 0.002016 0.998588 30.883553 -0.054303 0.998512 -0.004903 -0.451420 -0.997112 -0.054487 -0.052898 82.656415
-0.058433 -0.000862 0.998291 31.816868 -0.058691 0.998273 -0.002573 -0.471874 -0.996564 -0.058741 -0.058383 82.602840
-0.062210 -0.003049 0.998058 32.798861 -0.063657 0.997971 -0.000919 -0.491124 -0.996031 -0.063591 -0.062278 82.541659
-0.064675 -0.004869 0.997895 33.713359 -0.066918 0.997758 0.000531 -0.507761 -0.995660 -0.066743 -0.064856 82.482635
-0.066729 -0.005786 0.997754 34.710713 -0.069727 0.997565 0.001122 -0.524219 -0.995332 -0.069496 -0.066970 82.417625
-0.069142 -0.006974 0.997583 35.630459 -0.072513 0.997366 0.001947 -0.539041 -0.994968 -0.072203 -0.069465 82.356274
-0.072242 -0.008436 0.997352 36.575647 -0.075358 0.997152 0.002976 -0.553466 -0.994536 -0.074944 -0.072672 82.289052
-0.074432 -0.010553 0.997170 37.512752 -0.076082 0.997090 0.004873 -0.566669 -0.994319 -0.075504 -0.075018 82.218524
-0.077801 -0.009570 0.996923 38.469576 -0.074599 0.997207 0.003751 -0.578872 -0.994174 -0.074078 -0.078297 82.146637
-0.080079 -0.008471 0.996753 39.495537 -0.074092 0.997248 0.002523 -0.592753 -0.994031 -0.073649 -0.080486 82.067294
-0.082005 -0.008319 0.996597 40.416215 -0.075068 0.997176 0.002147 -0.606505 -0.993801 -0.074637 -0.082398 81.994969
-0.084625 -0.007005 0.996388 41.399471 -0.077032 0.997029 0.000467 -0.621778 -0.993431 -0.076714 -0.084913 81.914326
-0.086567 -0.005420 0.996231 42.362394 -0.079166 0.996860 -0.001456 -0.638573 -0.993096 -0.078994 -0.086724 81.832763
-0.089027 -0.002824 0.996025 43.292482 -0.082717 0.996563 -0.004567 -0.657350 -0.992588 -0.082795 -0.088955 81.749729
-0.091040 -0.000232 0.995847 44.317913 -0.087401 0.996143 -0.007758 -0.680962 -0.992004 -0.087744 -0.090709 81.654130
-0.094224 0.001776 0.995549 45.280750 -0.090030 0.995886 -0.010297 -0.706969 -0.991472 -0.090600 -0.093677 81.556648
-0.096384 0.003793 0.995337 46.301418 -0.088907 0.995963 -0.012404 -0.735947 -0.991365 -0.089688 -0.095658 81.457686
-0.099904 0.007826 0.994966 47.328968 -0.084531 0.996287 -0.016324 -0.767474 -0.991400 -0.085737 -0.098872 81.358261
-0.103413 0.008730 0.994600 48.326593 -0.082655 0.996427 -0.017340 -0.801562 -0.991198 -0.084002 -0.102322 81.256366
-0.106094 0.009848 0.994307 49.287723 -0.083241 0.996353 -0.018750 -0.835425 -0.990866 -0.084756 -0.104888 81.157736
-0.107735 0.008494 0.994143 50.304349 -0.085754 0.996157 -0.017805 -0.871598 -0.990474 -0.087170 -0.106592 81.052565
-0.109517 0.007967 0.993953 51.198950 -0.088312 0.995935 -0.017713 -0.903419 -0.990054 -0.089718 -0.108368 80.957352
-0.110479 0.007729 0.993848 52.177037 -0.089770 0.995805 -0.017723 -0.937797 -0.989816 -0.091175 -0.109322 80.851280
-0.110420 0.012058 0.993812 53.165891 -0.088664 0.995820 -0.021934 -0.973096 -0.989922 -0.090538 -0.108889 80.749176
-0.110160 0.015701 0.993790 54.113390 -0.088981 0.995704 -0.025594 -1.011110 -0.989923 -0.091248 -0.108290 80.651109
-0.110241 0.019697 0.993710 55.053122 -0.090952 0.995409 -0.029820 -1.052457 -0.989735 -0.093667 -0.107943 80.554738
-0.110257 0.023054 0.993636 56.064609 -0.091869 0.995215 -0.033285 -1.100609 -0.989648 -0.094955 -0.107612 80.451168
-0.109934 0.026246 0.993592 57.094916 -0.091712 0.995119 -0.036433 -1.153208 -0.989699 -0.095129 -0.106991 80.344606
-0.110562 0.026334 0.993520 58.115581 -0.087433 0.995515 -0.036117 -1.207525 -0.990016 -0.090860 -0.107764 80.239609
-0.111503 0.024205 0.993469 59.183336 -0.078166 0.996392 -0.033049 -1.263287 -0.990685 -0.081340 -0.109209 80.125755
-0.112581 0.019938 0.993443 60.252063 -0.071021 0.997080 -0.028059 -1.315632 -0.991101 -0.073714 -0.110836 80.006503
-0.112101 0.010445 0.993642 61.347088 -0.073071 0.997151 -0.018725 -1.362633 -0.991007 -0.074705 -0.111018 79.881497
-0.110408 0.002782 0.993883 62.362591 -0.078934 0.996813 -0.011558 -1.397063 -0.990747 -0.079727 -0.109836 79.770117
-0.109522 -0.001047 0.993984 63.412559 -0.084175 0.996417 -0.008225 -1.426146 -0.990414 -0.084570 -0.109217 79.655749
-0.108789 -0.003548 0.994059 64.476932 -0.087886 0.996112 -0.006063 -1.452000 -0.990172 -0.088024 -0.108678 79.543663
-0.107672 -0.001056 0.994186 65.580039 -0.087267 0.996150 -0.008393 -1.477237 -0.990349 -0.087663 -0.107349 79.430884
-0.107893 0.001453 0.994161 66.649253 -0.081991 0.996579 -0.010355 -1.504457 -0.990776 -0.082630 -0.107405 79.320278
-0.107716 0.003264 0.994176 67.734660 -0.079761 0.996743 -0.011915 -1.534186 -0.990977 -0.080580 -0.107105 79.207106
-0.107588 0.004102 0.994187 68.775318 -0.081105 0.996622 -0.012889 -1.564218 -0.990882 -0.082020 -0.106892 79.100641
-0.107158 0.002966 0.994238 69.871288 -0.085353 0.996276 -0.012172 -1.596666 -0.990572 -0.086165 -0.106506 78.984123
-0.106825 0.000472 0.994278 70.958938 -0.088224 0.996051 -0.009952 -1.627779 -0.990356 -0.088782 -0.106362 78.867754
-0.106899 0.000140 0.994270 72.061509 -0.087471 0.996121 -0.009545 -1.657430 -0.990415 -0.087991 -0.106472 78.748711
-0.106386 0.000106 0.994325 73.180741 -0.079092 0.996830 -0.008568 -1.686704 -0.991174 -0.079555 -0.106040 78.628394
-0.105617 0.001077 0.994406 74.331307 -0.078164 0.996896 -0.009382 -1.716094 -0.991330 -0.078718 -0.105205 78.505791
-0.104815 0.003199 0.994487 75.435691 -0.081750 0.996583 -0.011822 -1.745989 -0.991126 -0.082538 -0.104195 78.388347
-0.104886 0.003714 0.994477 76.541954 -0.084590 0.996336 -0.012642 -1.778313 -0.990880 -0.085448 -0.104188 78.270164
-0.104712 0.004428 0.994493 77.674865 -0.083592 0.996412 -0.013238 -1.811578 -0.990983 -0.084518 -0.103966 78.154715
-0.105110 0.005639 0.994445 78.788426 -0.080122 0.996685 -0.014120 -1.845246 -0.991228 -0.081161 -0.104310 78.039711
-0.104859 0.005499 0.994472 79.835124 -0.078411 0.996826 -0.013779 -1.877744 -0.991391 -0.079422 -0.104095 77.931568
-0.104813 0.004233 0.994483 80.880643 -0.079307 0.996771 -0.012601 -1.909775 -0.991325 -0.080191 -0.104139 77.822240
-0.103868 0.002762 0.994587 81.974954 -0.079157 0.996801 -0.011035 -1.941615 -0.991436 -0.079875 -0.103317 77.708772
-0.103444 0.002995 0.994631 83.084260 -0.079207 0.996795 -0.011239 -1.972441 -0.991476 -0.079945 -0.102875 77.596155
-0.102635 0.002756 0.994715 84.202560 -0.079250 0.996795 -0.010939 -2.003658 -0.991557 -0.079954 -0.102088 77.482216
-0.101570 0.002681 0.994825 85.339931 -0.077209 0.996959 -0.010569 -2.034637 -0.991828 -0.077883 -0.101054 77.370445
-0.100888 0.003608 0.994891 86.466974 -0.076733 0.996987 -0.011397 -2.065481 -0.991934 -0.077491 -0.100307 77.259175
-0.099005 0.002600 0.995084 87.579111 -0.076166 0.997043 -0.010184 -2.096056 -0.992168 -0.076800 -0.098514 77.153035
-0.097346 0.003723 0.995244 88.720932 -0.076980 0.996969 -0.011259 -2.126614 -0.992269 -0.077710 -0.096764 77.046261
-0.096817 0.003854 0.995295 89.852137 -0.079014 0.996807 -0.011546 -2.158054 -0.992161 -0.079760 -0.096203 76.940863
-0.095447 0.006563 0.995413 91.004937 -0.078711 0.996797 -0.014119 -2.190698 -0.992318 -0.079698 -0.094625 76.837283
-0.095126 0.009371 0.995421 92.146511 -0.076859 0.996902 -0.016730 -2.226274 -0.992494 -0.078098 -0.094111 76.733691
-0.096197 0.012734 0.995281 93.290323 -0.077161 0.996814 -0.020212 -2.265334 -0.992367 -0.078741 -0.094908 76.628592
-0.096123 0.015589 0.995247 94.439222 -0.077014 0.996764 -0.023051 -2.308204 -0.992386 -0.078864 -0.094612 76.524109
-0.097218 0.018180 0.995097 95.634031 -0.074501 0.996895 -0.025492 -2.355918 -0.992471 -0.076614 -0.095562 76.414768
-0.097747 0.020524 0.995000 96.818129 -0.073390 0.996917 -0.027773 -2.406031 -0.992501 -0.075738 -0.095940 76.306434
-0.099009 0.022268 0.994837 97.986196 -0.072592 0.996924 -0.029539 -2.458135 -0.992435 -0.075142 -0.097088 76.198242
-0.100408 0.023737 0.994663 99.149020 -0.072298 0.996898 -0.031088 -2.512332 -0.992316 -0.075034 -0.098381 76.086088
-0.103138 0.025525 0.994340 100.293300 -0.070840 0.996944 -0.032940 -2.567674 -0.992141 -0.073837 -0.101014 75.973192
-0.105833 0.028847 0.993965 101.508676 -0.066229 0.997155 -0.035991 -2.628835 -0.992176 -0.069639 -0.103622 75.849106
-0.110145 0.030709 0.993441 102.697973 -0.064828 0.997172 -0.038012 -2.692076 -0.991799 -0.068589 -0.107842 75.725446
-0.115111 0.035775 0.992708 103.826908 -0.070213 0.996559 -0.044055 -2.755872 -0.990868 -0.074772 -0.112203 75.603841
-0.123996 0.035387 0.991652 104.963398 -0.073211 0.996314 -0.044708 -2.825900 -0.989578 -0.078144 -0.120948 75.469903
-0.132946 0.035018 0.990505 106.111785 -0.068404 0.996668 -0.044417 -2.897033 -0.988760 -0.073659 -0.130108 75.324873
-0.143311 0.036705 0.988997 107.236979 -0.063802 0.996891 -0.046243 -2.967093 -0.987619 -0.069727 -0.140523 75.172674
-0.157037 0.036084 0.986933 108.426605 -0.064208 0.996845 -0.046663 -3.043031 -0.985503 -0.070696 -0.154225 74.995947
-0.170947 0.035505 0.984640 109.608832 -0.064107 0.996832 -0.047075 -3.119242 -0.983192 -0.071170 -0.168129 74.802677
-0.185510 0.036368 0.981969 110.776007 -0.061298 0.996940 -0.048503 -3.195566 -0.980728 -0.069191 -0.182714 74.593610
-0.199897 0.034010 0.979227 111.926767 -0.061684 0.996978 -0.047218 -3.272157 -0.977873 -0.069842 -0.197195 74.367821
-0.215453 0.033591 0.975936 113.050485 -0.064427 0.996742 -0.048530 -3.346766 -0.974386 -0.073333 -0.212587 74.127323
-0.232246 0.033762 0.972071 114.194971 -0.067037 0.996465 -0.050626 -3.424709 -0.970344 -0.076923 -0.229161 73.863396
-0.249602 0.038636 0.967578 115.326402 -0.064822 0.996296 -0.056505 -3.505011 -0.966176 -0.076824 -0.246173 73.588669
-0.266439 0.047076 0.962701 116.503990 -0.058391 0.996184 -0.064873 -3.596378 -0.962081 -0.073498 -0.262674 73.282897
-0.283711 0.053880 0.957395 117.679178 -0.053216 0.995997 -0.071823 -3.697979 -0.957432 -0.071326 -0.279708 72.954392
-0.299930 0.056895 0.952263 118.814172 -0.053961 0.995610 -0.076481 -3.804636 -0.952434 -0.074324 -0.295543 72.613787
-0.316240 0.057713 0.946922 119.930016 -0.054868 0.995364 -0.078989 -3.915153 -0.947091 -0.076935 -0.311608 72.256652
-0.331309 0.057148 0.941790 121.007539 -0.055254 0.995276 -0.079831 -4.025164 -0.941903 -0.078487 -0.326587 71.890127
-0.346777 0.057021 0.936213 122.102805 -0.053918 0.995288 -0.080591 -4.138659 -0.936396 -0.078426 -0.342069 71.495867
-0.361495 0.058176 0.930557 123.198145 -0.051368 0.995293 -0.082178 -4.253555 -0.930958 -0.077507 -0.356805 71.085137
-0.376141 0.059478 0.924652 124.276146 -0.048544 0.995302 -0.083770 -4.368949 -0.925290 -0.076395 -0.371487 70.663976
-0.391889 0.060538 0.918019 125.317796 -0.048818 0.995059 -0.086459 -4.483466 -0.918716 -0.078698 -0.386997 70.237502
-0.407794 0.060415 0.911073 126.361063 -0.049187 0.994906 -0.087991 -4.602151 -0.911748 -0.080695 -0.402745 69.784945
-0.421144 0.059747 0.905024 127.374317 -0.049489 0.994828 -0.088705 -4.719194 -0.905642 -0.082147 -0.416009 69.331876
-0.435172 0.058106 0.898471 128.372191 -0.049894 0.994825 -0.088504 -4.836055 -0.898964 -0.083343 -0.430021 68.865330
-0.449798 0.055967 0.891375 129.377420 -0.053510 0.994553 -0.089447 -4.954608 -0.891526 -0.087931 -0.444354 68.377371
-0.464476 0.055639 0.883836 130.362231 -0.054871 0.994299 -0.091429 -5.073624 -0.883884 -0.090964 -0.458775 67.874554
-0.479421 0.057490 0.875700 131.388185 -0.051526 0.994287 -0.093485 -5.200935 -0.876071 -0.089940 -0.473719 67.327673
-0.494450 0.062539 0.866953 132.383974 -0.047628 0.993961 -0.098864 -5.328438 -0.867900 -0.090174 -0.488485 66.780621
-0.511211 0.063283 0.857122 133.378079 -0.046887 0.993747 -0.101335 -5.462626 -0.858175 -0.091991 -0.505047 66.209124
-0.527274 0.065934 0.847134 134.393764 -0.045431 0.993371 -0.105593 -5.604564 -0.848480 -0.094162 -0.520783 65.599467
-0.542259 0.067144 0.837524 135.362342 -0.043636 0.993206 -0.107877 -5.745937 -0.839077 -0.095044 -0.535645 64.994175
-0.558261 0.069663 0.826736 136.333696 -0.041919 0.992828 -0.111964 -5.892550 -0.828606 -0.097161 -0.551337 64.362168
-0.575176 0.070506 0.814986 137.305409 -0.039906 0.992674 -0.114043 -6.046052 -0.817056 -0.098117 -0.568149 63.696818
-0.592236 0.073990 0.802360 138.268650 -0.035574 0.992403 -0.117773 -6.203362 -0.804979 -0.098293 -0.585105 63.007578
-0.607443 0.077009 0.790621 139.208568 -0.029624 0.992401 -0.119424 -6.362665 -0.793810 -0.095965 -0.600546 62.308457
-0.622513 0.079661 0.778544 140.146787 -0.025047 0.992268 -0.121556 -6.526576 -0.782208 -0.095170 -0.615705 61.577835
-0.636366 0.081402 0.767081 141.054856 -0.022589 0.992024 -0.124012 -6.689652 -0.771057 -0.096245 -0.629451 60.848455
-0.652113 0.082196 0.753653 141.940326 -0.023107 0.991488 -0.128129 -6.854623 -0.757770 -0.100969 -0.644663 60.109350
-0.666595 0.083269 0.740755 142.810595 -0.022410 0.991053 -0.131571 -7.024679 -0.745083 -0.104305 -0.658765 59.349165
-0.682891 0.087453 0.725267 143.698538 -0.017706 0.990535 -0.136111 -7.205795 -0.730305 -0.105790 -0.674879 58.540459
-0.698298 0.095045 0.709469 144.595695 -0.008807 0.989930 -0.141285 -7.398670 -0.715753 -0.104907 -0.690429 57.683514
-0.715180 0.098299 0.691993 145.460753 -0.003515 0.989542 -0.144199 -7.594868 -0.698931 -0.105561 -0.707356 56.817660
-0.731898 0.101132 0.673868 146.316753 0.000770 0.989047 -0.147597 -7.796974 -0.681414 -0.107507 -0.723959 55.923733
-0.749252 0.105867 0.653769 147.189531 0.006001 0.988186 -0.153143 -8.013364 -0.662258 -0.110820 -0.741035 54.966861
-0.767363 0.107497 0.632139 148.014292 0.011566 0.988007 -0.153974 -8.232170 -0.641109 -0.110843 -0.759403 53.996919
-0.783482 0.106119 0.612287 148.790175 0.013700 0.988021 -0.153709 -8.444574 -0.621264 -0.112040 -0.775550 53.041010
-0.799491 0.106145 0.591225 149.543721 0.019417 0.988316 -0.151180 -8.657727 -0.600364 -0.109387 -0.792210 52.053792
-0.814399 0.106451 0.570458 150.281421 0.024762 0.988510 -0.149112 -8.869943 -0.579777 -0.107311 -0.807677 51.038016
-0.828893 0.104143 0.549628 151.045024 0.025993 0.988627 -0.148123 -9.094645 -0.558804 -0.108492 -0.822173 49.929520
-0.843407 0.101302 0.527638 151.697899 0.025746 0.988556 -0.148640 -9.294020 -0.536657 -0.111779 -0.836364 48.927275
-0.856460 0.101168 0.506203 152.346093 0.029293 0.988552 -0.148007 -9.499913 -0.515381 -0.111934 -0.849619 47.876925
-0.867881 0.104684 0.485617 152.969315 0.036961 0.988443 -0.147021 -9.705188 -0.495395 -0.109648 -0.861720 46.808987
-0.878433 0.103486 0.466525 153.557932 0.038584 0.988442 -0.146608 -9.906356 -0.476305 -0.110785 -0.872273 45.743041
-0.888552 0.099737 0.447803 154.117826 0.038394 0.988825 -0.144052 -10.105016 -0.457166 -0.110804 -0.882452 44.670904
-0.896483 0.100001 0.431647 154.630113 0.039503 0.988357 -0.146934 -10.292171 -0.441315 -0.114673 -0.889995 43.645090
-0.903601 0.101748 0.416117 155.154183 0.042726 0.987945 -0.148791 -10.493445 -0.426239 -0.116668 -0.897055 42.549208
-0.910905 0.103649 0.399386 155.674145 0.046151 0.987455 -0.151007 -10.704678 -0.410027 -0.119121 -0.904261 41.399783
-0.916819 0.104588 0.385363 156.160493 0.049231 0.987332 -0.150839 -10.912166 -0.396257 -0.119321 -0.910353 40.274795
-0.922974 0.106716 0.369771 156.651797 0.053048 0.986893 -0.152407 -11.128878 -0.381188 -0.121052 -0.916538 39.093803
-0.928157 0.111888 0.354972 157.144604 0.059442 0.986064 -0.155385 -11.357090 -0.367410 -0.123122 -0.921873 37.855472
-0.932602 0.117042 0.341401 157.585755 0.065884 0.985270 -0.157803 -11.573901 -0.354842 -0.124675 -0.926576 36.693749
-0.936275 0.119157 0.330440 158.008250 0.070368 0.985262 -0.155904 -11.793267 -0.344147 -0.122717 -0.930862 35.519299
-0.939843 0.117268 0.320848 158.406007 0.070931 0.985753 -0.152513 -12.004754 -0.334162 -0.120580 -0.934771 34.366424
-0.942428 0.113276 0.314640 158.782743 0.069723 0.986763 -0.146415 -12.209934 -0.327061 -0.116047 -0.937851 33.210754
-0.944265 0.110221 0.310184 159.168048 0.068082 0.987295 -0.143571 -12.414589 -0.322068 -0.114451 -0.939773 32.019228
-0.945355 0.111448 0.306404 159.552154 0.069305 0.986977 -0.145165 -12.617354 -0.318592 -0.115997 -0.940768 30.825605
-0.946286 0.117448 0.301245 159.936802 0.073871 0.985584 -0.152207 -12.824570 -0.314778 -0.121778 -0.941321 29.628731
-0.947399 0.120761 0.296397 160.315427 0.076150 0.984542 -0.157726 -13.043531 -0.310863 -0.126859 -0.941951 28.408830
-0.948844 0.121321 0.291507 160.696936 0.074922 0.983377 -0.165398 -13.277337 -0.306727 -0.135097 -0.942161 27.147120
-0.950209 0.119338 0.287858 161.060103 0.072209 0.982943 -0.169144 -13.514763 -0.303133 -0.139936 -0.942618 25.912102
-0.951145 0.116982 0.285724 161.407385 0.069928 0.983014 -0.169685 -13.747385 -0.300720 -0.141415 -0.943170 24.723689
-0.951742 0.115528 0.284325 161.758597 0.068369 0.982974 -0.170551 -13.984330 -0.299187 -0.142882 -0.943436 23.517043
-0.951827 0.113418 0.284890 162.102865 0.066889 0.983503 -0.168069 -14.215676 -0.299252 -0.140916 -0.943711 22.341649
-0.951756 0.110894 0.286117 162.435169 0.064448 0.983858 -0.166942 -14.435843 -0.300011 -0.140448 -0.943540 21.210639
-0.951654 0.109525 0.286981 162.769698 0.062825 0.983923 -0.167176 -14.654735 -0.300678 -0.141064 -0.943236 20.082471
-0.951109 0.109310 0.288865 163.105827 0.062712 0.984142 -0.165929 -14.872936 -0.302421 -0.139702 -0.942881 18.958123
-0.949999 0.109687 0.292355 163.444353 0.062250 0.984006 -0.166904 -15.088043 -0.305986 -0.140360 -0.941632 17.848358
-0.948882 0.109995 0.295845 163.786490 0.061480 0.983769 -0.168577 -15.301748 -0.309586 -0.141771 -0.940243 16.757041
-0.947248 0.112192 0.300225 164.156992 0.062845 0.983565 -0.169266 -15.532322 -0.314281 -0.141470 -0.938730 15.588017
-0.945431 0.115792 0.304552 164.539742 0.065234 0.983065 -0.171256 -15.765882 -0.319225 -0.142043 -0.936973 14.414422
-0.943145 0.118148 0.310673 164.915787 0.066252 0.982759 -0.172612 -15.993680 -0.325711 -0.142215 -0.934712 13.284876
-0.940694 0.117921 0.318104 165.293726 0.065369 0.983079 -0.171119 -16.221677 -0.332900 -0.140176 -0.932485 12.158095
-0.937302 0.116879 0.328337 165.694832 0.062748 0.983288 -0.170900 -16.453861 -0.342824 -0.139582 -0.928972 11.008454
-0.934127 0.114934 0.337932 166.119519 0.059366 0.983581 -0.170423 -16.693031 -0.351970 -0.139135 -0.925612 9.824792
-0.930747 0.113126 0.347726 166.543096 0.056941 0.984180 -0.167772 -16.925054 -0.361204 -0.136353 -0.922464 8.673339
-0.926328 0.111705 0.359774 166.993743 0.053568 0.984379 -0.167713 -17.159729 -0.372889 -0.136085 -0.917843 7.502451
-0.922051 0.109499 0.371257 167.494646 0.049705 0.984706 -0.166981 -17.412821 -0.383863 -0.135512 -0.913392 6.241016
-0.916920 0.108365 0.384076 167.954744 0.047450 0.985203 -0.164691 -17.637189 -0.396240 -0.132784 -0.908495 5.123578
-0.911063 0.110163 0.397277 168.447433 0.047024 0.985117 -0.165331 -17.865019 -0.409577 -0.131945 -0.902683 3.987802
-0.905077 0.108456 0.411185 168.948152 0.044395 0.985745 -0.162286 -18.089798 -0.422924 -0.128627 -0.896989 2.871908
-0.899051 0.107800 0.424367 169.461473 0.042554 0.986142 -0.160352 -18.308778 -0.435772 -0.126106 -0.891179 1.775730
-0.892253 0.107878 0.438459 169.993335 0.042019 0.986664 -0.157250 -18.526677 -0.449576 -0.121883 -0.884888 0.676981
-0.885323 0.108638 0.452107 170.538373 0.042285 0.987104 -0.154392 -18.739211 -0.463050 -0.117570 -0.878500 -0.405684
-0.877543 0.108136 0.467145 171.115592 0.041246 0.987651 -0.151144 -18.952490 -0.477721 -0.113368 -0.871166 -1.500740
-0.869633 0.107071 0.481948 171.687470 0.039834 0.988234 -0.147671 -19.153450 -0.492089 -0.109222 -0.863666 -2.543688
-0.859815 0.105764 0.499532 172.254544 0.037633 0.988778 -0.144574 -19.342128 -0.509217 -0.105508 -0.854146 -3.531915
-0.849282 0.104204 0.517554 172.879630 0.035640 0.989407 -0.140722 -19.538999 -0.526736 -0.101067 -0.843999 -4.574322
-0.838941 0.102623 0.534459 173.499890 0.033202 0.989882 -0.137953 -19.723762 -0.543208 -0.097989 -0.833860 -5.562541
-0.827891 0.100562 0.551800 174.143153 0.030399 0.990395 -0.134882 -19.905846 -0.560064 -0.094894 -0.822996 -6.541890
-0.815900 0.099145 0.569629 174.804008 0.027443 0.990719 -0.133128 -20.083366 -0.577541 -0.092987 -0.811048 -7.499362
-0.802836 0.098343 0.588033 175.505991 0.025848 0.991116 -0.130466 -20.263707 -0.595640 -0.089543 -0.798245 -8.471314
-0.788246 0.097864 0.607529 176.212369 0.024538 0.991486 -0.127877 -20.436696 -0.614871 -0.085891 -0.783937 -9.405188
-0.771662 0.095448 0.628831 176.948370 0.020398 0.991881 -0.125523 -20.607223 -0.635706 -0.084034 -0.767344 -10.320822
-0.754823 0.092084 0.649433 177.693205 0.015220 0.992289 -0.123008 -20.771691 -0.655752 -0.082965 -0.750404 -11.200184
-0.737468 0.091361 0.669174 178.452970 0.011609 0.992377 -0.122693 -20.931714 -0.675282 -0.082714 -0.732906 -12.046736
-0.719682 0.090942 0.688322 179.219402 0.008883 0.992510 -0.121844 -21.088281 -0.694247 -0.081574 -0.715099 -12.858479
-0.700919 0.090444 0.707483 180.037051 0.005663 0.992602 -0.121283 -21.249476 -0.713218 -0.081003 -0.696246 -13.677610
-0.680669 0.089437 0.727111 180.851275 0.001251 0.992660 -0.120929 -21.405003 -0.732590 -0.081403 -0.675785 -14.447097
-0.660159 0.088808 0.745858 181.714168 -0.003062 0.992659 -0.120904 -21.565089 -0.751120 -0.082100 -0.655041 -15.217783
-0.640245 0.088380 0.763070 182.589991 -0.006243 0.992728 -0.120218 -21.723322 -0.768146 -0.081733 -0.635037 -15.956189
-0.618726 0.088271 0.780632 183.440860 -0.007992 0.992909 -0.118609 -21.872926 -0.785566 -0.079625 -0.613633 -16.636370
-0.595629 0.086766 0.798560 184.310483 -0.011195 0.993156 -0.116260 -22.020649 -0.803182 -0.078188 -0.590581 -17.293773
-0.570572 0.082758 0.817067 185.249888 -0.015971 0.993603 -0.111792 -22.173144 -0.821092 -0.076834 -0.565600 -17.961033
-0.544400 0.080773 0.834928 186.185075 -0.019504 0.993865 -0.108866 -22.316907 -0.838599 -0.075551 -0.539484 -18.580543
-0.517655 0.081602 0.851689 187.146395 -0.021640 0.993874 -0.108377 -22.458920 -0.855316 -0.074532 -0.512718 -19.173802
-0.489388 0.081375 0.868261 188.098061 -0.023389 0.994054 -0.106348 -22.595690 -0.871752 -0.072353 -0.484575 -19.717169
-0.461347 0.079229 0.883675 189.057097 -0.026876 0.994300 -0.103179 -22.728833 -0.886813 -0.071351 -0.456588 -20.227286
-0.429306 0.075926 0.899962 190.107880 -0.031737 0.994576 -0.099048 -22.867787 -0.902601 -0.071084 -0.424568 -20.741428
-0.398510 0.072386 0.914303 191.139415 -0.035806 0.994893 -0.094372 -22.996969 -0.916465 -0.070346 -0.393883 -21.200154
-0.366650 0.068945 0.927801 192.155357 -0.038658 0.995260 -0.089235 -23.117077 -0.929555 -0.068584 -0.362247 -21.611139
-0.335268 0.066823 0.939750 193.207712 -0.041147 0.995491 -0.085466 -23.234132 -0.941224 -0.067322 -0.331006 -21.993538
-0.300311 0.063731 0.951710 194.328903 -0.043187 0.995834 -0.080313 -23.352114 -0.952863 -0.065220 -0.296308 -22.356641
-0.265079 0.061893 0.962238 195.468892 -0.044337 0.996100 -0.076285 -23.464585 -0.963207 -0.062885 -0.261301 -22.677215
-0.229610 0.059261 0.971477 196.557247 -0.045961 0.996371 -0.071642 -23.566570 -0.972197 -0.061100 -0.226053 -22.942856
-0.194594 0.056680 0.979245 197.643059 -0.047665 0.996603 -0.067156 -23.662274 -0.979725 -0.059744 -0.191231 -23.165528
-0.161349 0.055180 0.985354 198.713710 -0.049736 0.996712 -0.063960 -23.751595 -0.985643 -0.059327 -0.158074 -23.346815
-0.125115 0.053370 0.990706 199.802747 -0.051449 0.996860 -0.060199 -23.838081 -0.990807 -0.058503 -0.121976 -23.491390
-0.089514 0.052674 0.994592 200.920265 -0.053551 0.996902 -0.057616 -23.922414 -0.994545 -0.058419 -0.086416 -23.598209
-0.055105 0.051938 0.997129 202.053733 -0.055600 0.996937 -0.055001 -24.004723 -0.996931 -0.058471 -0.052049 -23.666868
-0.020706 0.051238 0.998472 203.201443 -0.056310 0.997041 -0.052332 -24.084831 -0.998199 -0.057307 -0.017760 -23.696996
0.012526 0.050523 0.998644 204.306849 -0.057715 0.997094 -0.049720 -24.159101 -0.998254 -0.057014 0.015405 -23.687494
0.044062 0.048530 0.997849 205.396703 -0.059468 0.997176 -0.045871 -24.229467 -0.997257 -0.057319 0.046824 -23.646120
0.076071 0.046105 0.996036 206.557648 -0.059395 0.997366 -0.041631 -24.299597 -0.995332 -0.055992 0.078609 -23.564832
0.106589 0.043297 0.993360 207.675605 -0.059639 0.997531 -0.037079 -24.362599 -0.992513 -0.055290 0.108908 -23.451436
0.138529 0.041041 0.989508 208.783086 -0.061160 0.997588 -0.032813 -24.420118 -0.988468 -0.055973 0.140705 -23.302543
0.169352 0.037598 0.984838 209.906321 -0.062443 0.997674 -0.027351 -24.473650 -0.983575 -0.056864 0.171306 -23.118397
0.200313 0.034544 0.979123 211.028654 -0.063322 0.997745 -0.022247 -24.521011 -0.977683 -0.057543 0.202049 -22.895081
0.230742 0.030104 0.972549 212.131004 -0.063158 0.997877 -0.015904 -24.561887 -0.970963 -0.057754 0.232153 -22.642237
0.262262 0.026448 0.964634 213.215414 -0.063350 0.997940 -0.010138 -24.595364 -0.962915 -0.058451 0.263397 -22.355845
0.292504 0.021593 0.956021 214.361360 -0.064034 0.997943 -0.002948 -24.623757 -0.954118 -0.060355 0.293285 -22.016877
0.321994 0.019426 0.946542 215.444954 -0.064284 0.997931 0.001388 -24.643495 -0.944557 -0.061294 0.322577 -21.657819
0.351597 0.016715 0.936002 216.464883 -0.063564 0.997959 0.006055 -24.657532 -0.933991 -0.061625 0.351942 -21.283049
0.380447 0.014931 0.924682 217.502464 -0.063001 0.997965 0.009806 -24.666890 -0.922654 -0.061986 0.380613 -20.864106
0.412205 0.013223 0.910995 218.466155 -0.065323 0.997750 0.015075 -24.671523 -0.908746 -0.065723 0.412142 -20.438095
0.441764 0.011417 0.897059 219.518674 -0.067251 0.997527 0.020423 -24.670246 -0.894607 -0.069350 0.441439 -19.932298
0.472370 0.007359 0.881370 220.641112 -0.066305 0.997428 0.027208 -24.661219 -0.878903 -0.071291 0.471643 -19.345774
0.500346 0.004257 0.865815 221.723164 -0.063790 0.997451 0.031959 -24.644496 -0.863472 -0.071221 0.499343 -18.732300
0.527026 0.002431 0.849846 222.774497 -0.061527 0.997481 0.035302 -24.622400 -0.847619 -0.070894 0.525848 -18.089147
0.549709 0.002563 0.835352 223.741106 -0.060935 0.997454 0.037038 -24.598919 -0.833131 -0.071262 0.548466 -17.461112
0.570070 0.002287 0.821593 224.689063 -0.060724 0.997378 0.039358 -24.573454 -0.819349 -0.072327 0.568714 -16.810650
0.590079 0.000839 0.807345 225.700679 -0.058948 0.997375 0.042048 -24.542611 -0.805190 -0.072403 0.588580 -16.081579
0.609138 -0.001270 0.793063 226.654818 -0.056178 0.997418 0.044747 -24.510053 -0.791072 -0.071810 0.607493 -15.359570
0.626976 -0.004347 0.779026 227.577017 -0.053299 0.997402 0.048462 -24.474221 -0.777213 -0.071906 0.625115 -14.621766
0.644499 -0.007589 0.764567 228.487573 -0.050944 0.997303 0.052842 -24.433492 -0.762906 -0.073006 0.642374 -13.857622
0.659953 -0.009920 0.751242 229.394364 -0.049637 0.997152 0.056773 -24.387455 -0.749666 -0.074757 0.657581 -13.067793
0.677023 -0.011262 0.735876 230.322225 -0.048375 0.997040 0.059765 -24.334344 -0.734370 -0.076060 0.674474 -12.220870
0.693620 -0.012313 0.720236 231.210445 -0.047120 0.996937 0.062422 -24.279260 -0.718798 -0.077235 0.690915 -11.376321
0.708837 -0.014283 0.705228 232.077619 -0.043840 0.996970 0.064257 -24.221371 -0.704008 -0.076465 0.706063 -10.515245
0.723431 -0.016792 0.690192 232.945254 -0.040113 0.996993 0.066301 -24.159719 -0.689230 -0.075650 0.720582 -9.615356
0.737352 -0.018603 0.675253 233.773439 -0.037678 0.996932 0.068609 -24.097340 -0.674457 -0.076031 0.734388 -8.722408
0.751427 -0.018972 0.659544 234.593532 -0.038073 0.996674 0.072046 -24.030725 -0.658717 -0.079248 0.748205 -7.797815
0.764139 -0.019112 0.644768 235.459266 -0.037654 0.996535 0.074164 -23.954126 -0.643952 -0.080950 0.760772 -6.779655
0.777145 -0.018994 0.629035 236.183681 -0.036108 0.996552 0.074701 -23.886869 -0.628285 -0.080767 0.773779 -5.890184
0.788564 -0.021326 0.614583 236.949341 -0.032644 0.996538 0.076465 -23.813070 -0.614086 -0.080360 0.785138 -4.916699
0.799201 -0.023642 0.600599 237.672468 -0.030187 0.996386 0.079391 -23.739579 -0.600305 -0.081579 0.795599 -3.963928
0.808766 -0.024442 0.587622 238.423634 -0.029134 0.996244 0.081538 -23.658377 -0.587408 -0.083065 0.805017 -2.945741
0.818368 -0.024819 0.574158 239.179915 -0.029926 0.995871 0.085703 -23.571260 -0.573915 -0.087319 0.814247 -1.884897
0.826588 -0.026395 0.562188 239.880354 -0.028245 0.995695 0.088278 -23.484049 -0.562098 -0.088849 0.822284 -0.867432
0.833946 -0.029167 0.551075 240.588087 -0.025656 0.995473 0.091513 -23.390925 -0.551250 -0.090455 0.829423 0.187072
0.840725 -0.029124 0.540679 241.301928 -0.025688 0.995283 0.093555 -23.291480 -0.540853 -0.092543 0.836011 1.277632
0.846589 -0.030307 0.531383 241.975082 -0.024410 0.995116 0.095645 -23.193653 -0.531687 -0.093943 0.841715 2.331589
0.850996 -0.031774 0.524211 242.627425 -0.022003 0.995134 0.096038 -23.094986 -0.524712 -0.093262 0.846156 3.379309
0.853978 -0.033234 0.519247 243.287779 -0.020122 0.995102 0.096783 -22.993900 -0.519920 -0.093099 0.849127 4.450199
0.856892 -0.034096 0.514366 243.972525 -0.018957 0.995051 0.097540 -22.886674 -0.515146 -0.093332 0.852005 5.577682
0.858839 -0.034779 0.511064 244.626429 -0.018642 0.994910 0.099033 -22.783073 -0.511906 -0.094581 0.853819 6.659483
0.860937 -0.037028 0.507363 245.281180 -0.016583 0.994775 0.100739 -22.676331 -0.508441 -0.095143 0.855824 7.755495
0.862341 -0.039440 0.504789 245.944929 -0.014994 0.994535 0.103319 -22.565240 -0.506106 -0.096665 0.857037 8.871942
0.864030 -0.039738 0.501869 246.580882 -0.015417 0.994324 0.105273 -22.455248 -0.503204 -0.098696 0.858513 9.949852
0.866231 -0.040112 0.498032 247.237426 -0.014941 0.994247 0.106064 -22.338599 -0.499421 -0.099317 0.860648 11.071976
0.868697 -0.039361 0.493778 247.886766 -0.014676 0.994355 0.105084 -22.221373 -0.495127 -0.098532 0.863215 12.198024
0.871142 -0.039055 0.489475 248.517980 -0.014627 0.994325 0.105370 -22.107381 -0.490813 -0.098952 0.865628 13.305756
