1.000000 0.000000 0.000000 0.000000 0.000000 1.000000 0.000000 0.000000 0.000000 0.000000 1.000000 0.000000
1.000000 0.000399 0.000197 -0.003663 -0.000399 1.000000 -0.000114 -0.018408 -0.000197 0.000114 1.000000 1.164209
1.000000 0.000351 0.000167 -0.009020 -0.000351 1.000000 -0.000513 -0.037083 -0.000167 0.000513 1.000000 2.334217
1.000000 0.000207 -0.000073 -0.013009 -0.000207 1.000000 -0.000607 -0.055867 0.000072 0.000607 1.000000 3.481752
1.000000 0.000171 -0.000003 -0.019009 -0.000171 1.000000 -0.000720 -0.074994 0.000003 0.000720 1.000000 4.649468
1.000000 0.000291 0.000317 -0.023620 -0.000290 1.000000 -0.000860 -0.094295 -0.000317 0.000860 1.000000 5.818832
0.999999 0.000988 0.000474 -0.028581 -0.000987 0.999999 -0.001222 -0.113110 -0.000476 0.001222 0.999999 6.933328
0.999998 0.001430 0.001037 -0.031212 -0.001428 0.999997 -0.001748 -0.132835 -0.001039 0.001747 0.999998 8.079460
0.999999 0.000688 0.001230 -0.034206 -0.000686 0.999998 -0.001866 -0.153092 -0.001231 0.001865 0.999998 9.232139
0.999999 0.000182 0.001043 -0.034288 -0.000179 0.999997 -0.002598 -0.173877 -0.001043 0.002598 0.999996 10.394066
1.000000 0.000261 0.000732 -0.034639 -0.000259 0.999996 -0.002882 -0.195124 -0.000733 0.002881 0.999996 11.539539
1.000000 0.000588 0.000019 -0.039639 -0.000588 0.999994 -0.003437 -0.216384 -0.000021 0.003437 0.999994 12.662529
1.000000 0.000515 0.000064 -0.042961 -0.000514 0.999992 -0.003973 -0.238888 -0.000066 0.003973 0.999992 13.823918
1.000000 0.000600 -0.000213 -0.049429 -0.000601 0.999985 -0.005353 -0.261989 0.000210 0.005353 0.999986 14.969325
1.000000 0.000113 -0.000018 -0.049802 -0.000113 0.999986 -0.005344 -0.286448 0.000017 0.005344 0.999986 16.122539
1.000000 -0.000566 -0.000183 -0.049753 0.000565 0.999985 -0.005374 -0.311358 0.000186 0.005374 0.999986 17.300622
1.000000 -0.000884 -0.000159 -0.055559 0.000884 0.999984 -0.005631 -0.337071 0.000164 0.005631 0.999984 18.523855
1.000000 -0.000193 -0.000028 -0.062141 0.000193 0.999982 -0.006032 -0.362815 0.000029 0.006032 0.999982 19.728758
0.999999 0.000981 -0.000298 -0.069177 -0.000983 0.999979 -0.006364 -0.389236 0.000292 0.006364 0.999980 20.946634
0.999999 0.000788 -0.001077 -0.077528 -0.000795 0.999976 -0.006816 -0.415859 0.001072 0.006817 0.999976 22.152239
0.999998 0.001357 -0.001546 -0.081363 -0.001368 0.999974 -0.007039 -0.442298 0.001536 0.007041 0.999974 23.317878
0.999994 0.002599 -0.002231 -0.083516 -0.002615 0.999972 -0.007076 -0.469116 0.002212 0.007082 0.999972 24.490885
0.999993 0.002233 -0.003053 -0.088203 -0.002257 0.999966 -0.007961 -0.495783 0.003036 0.007967 0.999964 25.641254
0.999992 0.000111 -0.004031 -0.097393 -0.000144 0.999968 -0.007998 -0.524588 0.004030 0.007999 0.999960 26.865205
0.999987 -0.000776 -0.005122 -0.106670 0.000734 0.999967 -0.008136 -0.552252 0.005129 0.008132 0.999954 28.027460
0.999978 0.000493 -0.006549 -0.113494 -0.000543 0.999971 -0.007594 -0.578923 0.006545 0.007598 0.999950 29.140485
0.999974 0.001307 -0.007057 -0.122420 -0.001360 0.999971 -0.007503 -0.606420 0.007047 0.007513 0.999947 30.318453
0.999971 0.001729 -0.007452 -0.135879 -0.001790 0.999965 -0.008170 -0.634147 0.007438 0.008183 0.999939 31.504337
0.999966 0.001464 -0.008154 -0.151299 -0.001528 0.999968 -0.007911 -0.663229 0.008142 0.007923 0.999935 32.734453
0.999960 0.000777 -0.008930 -0.168602 -0.000849 0.999968 -0.008014 -0.690963 0.008923 0.008022 0.999928 33.908533
0.999957 0.001075 -0.009215 -0.185891 -0.001147 0.999969 -0.007760 -0.719882 0.009207 0.007770 0.999927 35.139694
0.999949 0.001406 -0.009962 -0.204110 -0.001490 0.999963 -0.008417 -0.748616 0.009950 0.008431 0.999915 36.362115
0.999946 0.000872 -0.010376 -0.218397 -0.000955 0.999968 -0.007949 -0.777130 0.010368 0.007959 0.999915 37.549168
0.999947 -0.000163 -0.010320 -0.234793 0.000078 0.999966 -0.008206 -0.805348 0.010321 0.008205 0.999913 38.738569
0.999943 -0.000863 -0.010622 -0.249882 0.000774 0.999965 -0.008355 -0.832564 0.010629 0.008347 0.999909 39.864479
0.999950 -0.000525 -0.009970 -0.266005 0.000430 0.999955 -0.009507 -0.861183 0.009974 0.009502 0.999905 41.035149
0.999955 -0.000518 -0.009459 -0.281272 0.000419 0.999945 -0.010439 -0.891194 0.009464 0.010435 0.999901 42.211716
0.999964 -0.002205 -0.008218 -0.299217 0.002093 0.999905 -0.013627 -0.923267 0.008248 0.013609 0.999873 43.400210
0.999968 -0.005030 -0.006210 -0.314036 0.004945 0.999894 -0.013673 -0.957788 0.006278 0.013642 0.999887 44.575421
0.999958 -0.007720 -0.004866 -0.327682 0.007645 0.999857 -0.015069 -0.992094 0.004982 0.015031 0.999875 45.722853
0.999930 -0.011403 -0.003155 -0.338221 0.011352 0.999812 -0.015689 -1.028485 0.003333 0.015653 0.999872 46.896675
0.999916 -0.012771 -0.002199 -0.346596 0.012736 0.999802 -0.015289 -1.064651 0.002394 0.015260 0.999881 48.047325
0.999937 -0.011181 -0.001145 -0.353331 0.011164 0.999835 -0.014362 -1.100504 0.001306 0.014348 0.999896 49.209169
0.999964 -0.008428 -0.000551 -0.356350 0.008419 0.999851 -0.015076 -1.135983 0.000678 0.015070 0.999886 50.376688
0.999964 -0.008437 -0.000679 -0.358380 0.008425 0.999837 -0.015938 -1.172019 0.000814 0.015932 0.999873 51.532615
0.999970 -0.007697 -0.001023 -0.361846 0.007680 0.999853 -0.015344 -1.208565 0.001141 0.015335 0.999882 52.688621
0.999975 -0.006726 -0.002163 -0.368249 0.006692 0.999863 -0.015110 -1.245372 0.002264 0.015095 0.999883 53.875285
0.999968 -0.006538 -0.004643 -0.378644 0.006463 0.999851 -0.016014 -1.282243 0.004747 0.015984 0.999861 55.062016
0.999951 -0.007980 -0.005826 -0.389439 0.007882 0.999830 -0.016660 -1.320372 0.005958 0.016613 0.999844 56.258058
0.999945 -0.008144 -0.006628 -0.400849 0.008027 0.999816 -0.017411 -1.359283 0.006768 0.017356 0.999826 57.452226
0.999937 -0.007964 -0.007862 -0.413690 0.007815 0.999792 -0.018821 -1.399751 0.008010 0.018758 0.999792 58.661650
0.999942 -0.007598 -0.007652 -0.424797 0.007448 0.999781 -0.019557 -1.440887 0.007799 0.019499 0.999779 59.843833
0.999949 -0.007003 -0.007336 -0.437087 0.006862 0.999796 -0.018998 -1.482966 0.007468 0.018946 0.999793 61.042608
0.999951 -0.006353 -0.007632 -0.447803 0.006208 0.999803 -0.018872 -1.523816 0.007750 0.018824 0.999793 62.218219
0.999945 -0.006934 -0.007883 -0.458443 0.006783 0.999795 -0.019056 -1.563925 0.008014 0.019002 0.999787 63.371327
0.999934 -0.008465 -0.007814 -0.471504 0.008305 0.999760 -0.020260 -1.606383 0.007984 0.020193 0.999764 64.582484
0.999941 -0.007169 -0.008130 -0.486373 0.006995 0.999751 -0.021200 -1.649943 0.008280 0.021142 0.999742 65.785503
0.999952 -0.005156 -0.008311 -0.499396 0.004961 0.999715 -0.023367 -1.693711 0.008429 0.023325 0.999692 66.948140
0.999952 -0.005362 -0.008171 -0.517741 0.005155 0.999670 -0.025156 -1.741780 0.008303 0.025113 0.999650 68.166477
0.999951 -0.005707 -0.008078 -0.533031 0.005487 0.999619 -0.027040 -1.792503 0.008230 0.026995 0.999602 69.395771
0.999952 -0.006454 -0.007391 -0.549053 0.006238 0.999563 -0.028904 -1.844255 0.007574 0.028857 0.999555 70.592489
0.999957 -0.007525 -0.005406 -0.560655 0.007363 0.999539 -0.029438 -1.899411 0.005626 0.029397 0.999552 71.827623
0.999958 -0.008229 -0.004118 -0.574786 0.008093 0.999454 -0.032028 -1.955030 0.004379 0.031994 0.999478 73.042004
0.999975 -0.006710 -0.002186 -0.581156 0.006638 0.999483 -0.031454 -2.011841 0.002396 0.031439 0.999503 74.235178
0.999999 -0.001032 0.000002 -0.579894 0.001032 0.999615 -0.027734 -2.065449 0.000027 0.027734 0.999615 75.393034
0.999997 -0.000083 0.002518 -0.581445 0.000154 0.999602 -0.028211 -2.118036 -0.002514 0.028212 0.999599 76.600392
0.999986 -0.003037 0.004402 -0.579932 0.003157 0.999612 -0.027685 -2.184912 -0.004316 0.027699 0.999607 78.156290
0.999966 -0.004799 0.006727 -0.575907 0.004980 0.999619 -0.027131 -2.234676 -0.006594 0.027163 0.999609 79.302979
0.999931 -0.003433 0.011268 -0.567754 0.003746 0.999604 -0.027895 -2.283180 -0.011168 0.027936 0.999547 80.421873
0.999909 -0.001182 0.013466 -0.555158 0.001553 0.999617 -0.027634 -2.333940 -0.013428 0.027653 0.999527 81.584258
0.999852 0.002090 0.017078 -0.538454 -0.001639 0.999650 -0.026399 -2.383226 -0.017127 0.026367 0.999506 82.724431
0.999785 0.002190 0.020635 -0.515982 -0.001657 0.999666 -0.025772 -2.432344 -0.020685 0.025733 0.999455 83.891530
0.999704 0.000300 0.024347 -0.491098 0.000333 0.999662 -0.025989 -2.478746 -0.024347 0.025990 0.999366 84.999269
0.999604 -0.000816 0.028125 -0.464606 0.001573 0.999637 -0.026914 -2.527907 -0.028093 0.026948 0.999242 86.168401
0.999496 0.000903 0.031728 -0.430452 -0.000062 0.999649 -0.026489 -2.575754 -0.031741 0.026474 0.999145 87.285283
0.999368 0.002908 0.035430 -0.398443 -0.001965 0.999644 -0.026597 -2.620733 -0.035495 0.026511 0.999018 88.337149
0.999293 0.003108 0.037475 -0.359159 -0.002095 0.999632 -0.027030 -2.670388 -0.037545 0.026932 0.998932 89.504151
0.999176 0.002124 0.040530 -0.317072 -0.001082 0.999669 -0.025708 -2.717864 -0.040571 0.025643 0.998848 90.616464
0.999089 0.000579 0.042663 -0.273149 0.000495 0.999683 -0.025169 -2.765039 -0.042664 0.025167 0.998772 91.753947
0.999004 -0.000947 0.044614 -0.225797 0.002061 0.999687 -0.024951 -2.811460 -0.044576 0.025018 0.998693 92.884011
0.998932 -0.001725 0.046181 -0.173862 0.002822 0.999715 -0.023701 -2.861108 -0.046127 0.023806 0.998652 94.118155
0.998817 0.000178 0.048623 -0.126419 0.000915 0.999748 -0.022441 -2.905825 -0.048615 0.022459 0.998565 95.258467
0.998726 0.003671 0.050320 -0.077515 -0.002595 0.999767 -0.021427 -2.948052 -0.050387 0.021269 0.998503 96.366069
0.998715 0.006886 0.050203 -0.026834 -0.005797 0.999745 -0.021807 -2.993037 -0.050340 0.021488 0.998501 97.578954
0.998635 0.008087 0.051594 0.026173 -0.006957 0.999733 -0.022053 -3.036803 -0.051759 0.021664 0.998425 98.741595
0.998651 0.008060 0.051289 0.077249 -0.006915 0.999724 -0.022464 -3.080070 -0.051456 0.022079 0.998431 99.881085
0.998749 0.006132 0.049630 0.123602 -0.005000 0.999725 -0.022895 -3.122246 -0.049757 0.022618 0.998505 100.976709
0.998831 0.004635 0.048112 0.171279 -0.003551 0.999739 -0.022589 -3.166137 -0.048204 0.022392 0.998587 102.113709
0.998941 0.003922 0.045834 0.216155 -0.002867 0.999730 -0.023061 -3.211125 -0.045912 0.022905 0.998683 103.286422
0.999091 0.003623 0.042482 0.259172 -0.002641 0.999729 -0.023135 -3.254292 -0.042554 0.023002 0.998829 104.392682
0.999241 0.003827 0.038761 0.301832 -0.002911 0.999716 -0.023649 -3.300314 -0.038841 0.023518 0.998969 105.573278
0.999430 0.004030 0.033507 0.333191 -0.003223 0.999704 -0.024105 -3.344642 -0.033594 0.023983 0.999148 106.692701
0.999581 0.003157 0.028756 0.364306 -0.002479 0.999719 -0.023587 -3.391124 -0.028823 0.023506 0.999308 107.864397
0.999705 0.002321 0.024160 0.390349 -0.001733 0.999702 -0.024341 -3.438268 -0.024209 0.024292 0.999412 109.059825
0.999797 0.001558 0.020101 0.410226 -0.001077 0.999714 -0.023903 -3.484421 -0.020132 0.023876 0.999512 110.214132
0.999894 0.000602 0.014559 0.424889 -0.000259 0.999722 -0.023560 -3.529338 -0.014569 0.023554 0.999616 111.347048
0.999947 0.000034 0.010301 0.433275 0.000208 0.999724 -0.023511 -3.575222 -0.010299 0.023512 0.999671 112.515410
0.999993 0.000353 0.003670 0.433113 -0.000266 0.999721 -0.023619 -3.617936 -0.003677 0.023618 0.999714 113.595403
0.999995 0.000600 -0.003256 0.420658 -0.000679 0.999711 -0.024033 -3.662588 0.003241 0.024035 0.999706 114.726012
0.999956 0.000701 -0.009346 0.400158 -0.000930 0.999698 -0.024543 -3.708214 0.009326 0.024551 0.999655 115.869926
0.999910 0.000480 -0.013396 0.375455 -0.000828 0.999661 -0.026005 -3.755908 0.013379 0.026014 0.999572 117.044566
0.999880 -0.000276 -0.015462 0.348281 -0.000165 0.999593 -0.028531 -3.805001 0.015464 0.028530 0.999473 118.200821
0.999839 -0.000691 -0.017928 0.319692 0.000174 0.999585 -0.028813 -3.856629 0.017941 0.028805 0.999424 119.365231
0.999821 -0.001080 -0.018884 0.289654 0.000498 0.999525 -0.030804 -3.910072 0.018908 0.030789 0.999347 120.551343
0.999807 -0.002548 -0.019480 0.258256 0.001904 0.999453 -0.033011 -3.965941 0.019553 0.032968 0.999265 121.737240
0.999797 -0.003292 -0.019856 0.229034 0.002651 0.999477 -0.032234 -4.023322 0.019951 0.032175 0.999283 122.919367
0.999762 -0.005068 -0.021214 0.194463 0.004316 0.999366 -0.035346 -4.082397 0.021380 0.035246 0.999150 124.132107
0.999750 -0.007753 -0.020970 0.161811 0.006966 0.999278 -0.037361 -4.144544 0.021244 0.037206 0.999082 125.336671
0.999714 -0.008622 -0.022316 0.129398 0.007815 0.999322 -0.035992 -4.209562 0.022611 0.035807 0.999103 126.572248
0.999705 -0.006244 -0.023483 0.093604 0.005421 0.999374 -0.034946 -4.275838 0.023686 0.034809 0.999113 127.866560
0.999692 -0.007261 -0.023751 0.058263 0.006479 0.999439 -0.032857 -4.339146 0.023976 0.032693 0.999178 129.134515
0.999646 -0.009293 -0.024921 0.022036 0.008551 0.999522 -0.029708 -4.399231 0.025185 0.029484 0.999248 130.397532
0.999613 -0.010800 -0.025651 -0.015440 0.010106 0.999584 -0.027019 -4.455130 0.025932 0.026750 0.999306 131.651857
0.999590 -0.012057 -0.025969 -0.052802 0.011418 0.999631 -0.024641 -4.505813 0.026256 0.024334 0.999359 132.856163
0.999581 -0.010094 -0.027112 -0.090342 0.009554 0.999755 -0.019984 -4.556574 0.027307 0.019717 0.999433 134.160736
0.999584 -0.009049 -0.027369 -0.130155 0.008560 0.999803 -0.017925 -4.600431 0.027526 0.017683 0.999465 135.413507
0.999568 -0.008866 -0.028015 -0.171699 0.008407 0.999829 -0.016452 -4.641933 0.028156 0.016209 0.999472 136.668259
0.999563 -0.009194 -0.028109 -0.212672 0.008734 0.999827 -0.016442 -4.681922 0.028255 0.016189 0.999470 137.917836
0.999558 -0.011738 -0.027315 -0.258005 0.011290 0.999800 -0.016497 -4.724174 0.027503 0.016181 0.999491 139.246737
0.999500 -0.013536 -0.028590 -0.300434 0.013015 0.999747 -0.018331 -4.765491 0.028831 0.017950 0.999423 140.518723
0.999494 -0.012235 -0.029349 -0.341525 0.011700 0.999763 -0.018345 -4.807844 0.029566 0.017992 0.999401 141.767024
0.999520 -0.009625 -0.029431 -0.382034 0.009066 0.999777 -0.019053 -4.849743 0.029608 0.018777 0.999385 142.992359
0.999541 -0.006924 -0.029499 -0.427122 0.006357 0.999794 -0.019265 -4.893653 0.029627 0.019069 0.999379 144.260967
0.999568 -0.002542 -0.029288 -0.469512 0.002013 0.999835 -0.018063 -4.935435 0.029329 0.017996 0.999408 145.468247
0.999572 0.000853 -0.029242 -0.512098 -0.001389 0.999831 -0.018336 -4.975992 0.029222 0.018369 0.999404 146.667891
0.999598 0.001732 -0.028309 -0.554483 -0.002258 0.999825 -0.018549 -5.017513 0.028272 0.018605 0.999427 147.889873
0.999607 0.001517 -0.028001 -0.596746 -0.002065 0.999807 -0.019549 -5.060354 0.027966 0.019600 0.999417 149.137956
0.999609 0.001108 -0.027936 -0.638801 -0.001681 0.999789 -0.020490 -5.103677 0.027908 0.020529 0.999400 150.362606
0.999609 -0.000192 -0.027949 -0.686361 -0.000417 0.999762 -0.021793 -5.151576 0.027947 0.021796 0.999372 151.690677
0.999601 -0.000884 -0.028243 -0.732358 0.000243 0.999743 -0.022681 -5.197209 0.028255 0.022665 0.999344 152.904529
0.999588 -0.000756 -0.028692 -0.775894 0.000093 0.999733 -0.023111 -5.242860 0.028702 0.023099 0.999321 154.091309
0.999558 -0.001060 -0.029725 -0.820657 0.000339 0.999706 -0.024264 -5.290563 0.029742 0.024243 0.999264 155.314809
0.999544 -0.002017 -0.030117 -0.865046 0.001279 0.999699 -0.024482 -5.339771 0.030157 0.024433 0.999247 156.548924
0.999507 -0.002448 -0.031310 -0.912485 0.001620 0.999648 -0.026466 -5.389682 0.031364 0.026402 0.999159 157.779641
0.999502 -0.001472 -0.031531 -0.958081 0.000622 0.999637 -0.026951 -5.439677 0.031559 0.026918 0.999139 158.961257
0.999488 0.000050 -0.031989 -1.000661 -0.000928 0.999623 -0.027430 -5.489795 0.031975 0.027446 0.999112 160.130575
0.999475 0.000043 -0.032399 -1.045077 -0.000966 0.999594 -0.028463 -5.542923 0.032385 0.028480 0.999070 161.357175
0.999472 0.001085 -0.032464 -1.090435 -0.002013 0.999589 -0.028585 -5.596935 0.032420 0.028635 0.999064 162.581803
0.999430 0.002596 -0.033656 -1.137999 -0.003583 0.999564 -0.029299 -5.653539 0.033565 0.029403 0.999004 163.861587
0.999415 0.002320 -0.034136 -1.183285 -0.003362 0.999530 -0.030477 -5.710814 0.034049 0.030574 0.998952 165.130474
0.999360 0.000909 -0.035772 -1.233079 -0.002023 0.999514 -0.031109 -5.769502 0.035726 0.031161 0.998876 166.403236
0.999357 0.000438 -0.035857 -1.285340 -0.001560 0.999510 -0.031251 -5.828044 0.035826 0.031287 0.998868 167.657846
0.999335 0.000010 -0.036477 -1.337177 -0.001160 0.999503 -0.031508 -5.885481 0.036458 0.031529 0.998838 168.881943
0.999329 -0.000284 -0.036639 -1.390385 -0.000883 0.999493 -0.031841 -5.944897 0.036629 0.031852 0.998821 170.143411
0.999275 0.000219 -0.038078 -1.445415 -0.001469 0.999461 -0.032800 -6.006077 0.038050 0.032832 0.998736 171.430590
0.999237 0.000412 -0.039050 -1.499874 -0.001752 0.999410 -0.034298 -6.067137 0.039013 0.034341 0.998648 172.683277
0.999176 0.000449 -0.040578 -1.560754 -0.001867 0.999389 -0.034904 -6.134388 0.040538 0.034951 0.998567 174.035372
0.999161 0.001505 -0.040915 -1.623241 -0.002954 0.999370 -0.035365 -6.199968 0.040836 0.035456 0.998537 175.336061
0.999139 0.003561 -0.041341 -1.678401 -0.004999 0.999384 -0.034738 -6.266411 0.041192 0.034914 0.998541 176.647274
0.999134 0.003747 -0.041444 -1.732016 -0.005076 0.999475 -0.032002 -6.331333 0.041303 0.032185 0.998628 177.957815
0.999157 -0.000079 -0.041056 -1.787746 -0.001273 0.999457 -0.032914 -6.391147 0.041037 0.032938 0.998615 179.208658
0.999118 -0.005523 -0.041622 -1.848685 0.004149 0.999447 -0.033004 -6.456008 0.041781 0.032803 0.998588 180.552626
0.999123 -0.005842 -0.041454 -1.911290 0.004399 0.999385 -0.034799 -6.521343 0.041632 0.034586 0.998534 181.891124
0.999134 -0.002633 -0.041527 -1.968676 0.001107 0.999325 -0.036723 -6.584493 0.041595 0.036645 0.998462 183.130347
0.999109 -0.000906 -0.042195 -2.029812 -0.000670 0.999303 -0.037311 -6.652605 0.042200 0.037306 0.998412 184.431836
0.999106 -0.001202 -0.042251 -2.085699 -0.000356 0.999320 -0.036858 -6.717882 0.042267 0.036840 0.998427 185.667017
0.999104 -0.002655 -0.042239 -2.144396 0.001087 0.999311 -0.037090 -6.783010 0.042309 0.037010 0.998419 186.906838
0.999086 -0.005119 -0.042445 -2.203448 0.003523 0.999287 -0.037582 -6.847805 0.042607 0.037398 0.998392 188.132322
0.999087 -0.006325 -0.042259 -2.258761 0.004733 0.999280 -0.037650 -6.911616 0.042466 0.037415 0.998397 189.327798
0.999107 -0.005950 -0.041822 -2.314595 0.004364 0.999271 -0.037923 -6.977070 0.042017 0.037707 0.998405 190.553089
0.999189 -0.004360 -0.040018 -2.366978 0.002892 0.999323 -0.036672 -7.041199 0.040151 0.036527 0.998526 191.754859
0.999214 -0.002921 -0.039535 -2.421248 0.001463 0.999319 -0.036878 -7.106861 0.039616 0.036791 0.998537 193.009481
0.999255 -0.001815 -0.038549 -2.472080 0.000411 0.999337 -0.036416 -7.169992 0.038590 0.036373 0.998593 194.211535
0.999293 -0.002701 -0.037503 -2.522121 0.001310 0.999311 -0.037091 -7.233031 0.037577 0.037016 0.998608 195.415558
0.999322 -0.004597 -0.036521 -2.575621 0.003241 0.999307 -0.037078 -7.300640 0.036666 0.036934 0.998645 196.701130
0.999318 -0.005312 -0.036533 -2.629065 0.003936 0.999283 -0.037644 -7.367234 0.036707 0.037475 0.998623 197.962895
0.999330 -0.004679 -0.036312 -2.680391 0.003308 0.999282 -0.037737 -7.431678 0.036463 0.037592 0.998628 199.169966
0.999340 -0.005057 -0.035983 -2.730027 0.003682 0.999265 -0.038159 -7.495495 0.036150 0.038001 0.998624 200.359882
0.999356 -0.005365 -0.035467 -2.774976 0.004007 0.999260 -0.038256 -7.558459 0.035646 0.038090 0.998638 201.524245
0.999376 -0.005446 -0.034905 -2.820420 0.004085 0.999233 -0.038940 -7.622788 0.035090 0.038774 0.998632 202.709618
0.999385 -0.005637 -0.034598 -2.868156 0.004278 0.999221 -0.039238 -7.688221 0.034793 0.039066 0.998631 203.903827
0.999387 -0.005709 -0.034546 -2.912447 0.004372 0.999242 -0.038679 -7.750351 0.034741 0.038504 0.998654 205.032375
0.999384 -0.006220 -0.034524 -2.955545 0.004885 0.999242 -0.038627 -7.810635 0.034738 0.038435 0.998657 206.133485
0.999392 -0.007329 -0.034084 -2.996557 0.006016 0.999242 -0.038473 -7.871360 0.034340 0.038245 0.998678 207.244587
0.999389 -0.007799 -0.034077 -3.039913 0.006475 0.999226 -0.038792 -7.931450 0.034353 0.038548 0.998666 208.343832
0.999388 -0.006765 -0.034314 -3.082509 0.005428 0.999228 -0.038897 -7.990468 0.034550 0.038687 0.998654 209.416551
0.999373 -0.006091 -0.034873 -3.128433 0.004718 0.999216 -0.039308 -8.051274 0.035085 0.039119 0.998618 210.520506
0.999364 -0.005822 -0.035176 -3.173578 0.004439 0.999219 -0.039266 -8.110827 0.035378 0.039085 0.998609 211.594443
0.999334 -0.005844 -0.036012 -3.219761 0.004434 0.999226 -0.039096 -8.170424 0.036212 0.038910 0.998586 212.671011
0.999278 -0.006993 -0.037346 -3.263538 0.005549 0.999239 -0.038616 -8.227561 0.037588 0.038381 0.998556 213.704723
0.999218 -0.008534 -0.038609 -3.306469 0.007070 0.999257 -0.037884 -8.282640 0.038904 0.037582 0.998536 214.709092
0.999134 -0.010631 -0.040232 -3.353994 0.009077 0.999213 -0.038625 -8.338607 0.040611 0.038226 0.998444 215.736350
0.999007 -0.011338 -0.043079 -3.401454 0.009661 0.999194 -0.038951 -8.393449 0.043486 0.038497 0.998312 216.728595
0.998849 -0.011397 -0.046597 -3.454157 0.009523 0.999144 -0.040257 -8.450194 0.047016 0.039767 0.998102 217.745135
0.998774 -0.012055 -0.048015 -3.505218 0.010104 0.999122 -0.040659 -8.504462 0.048463 0.040124 0.998019 218.694662
0.998647 -0.012947 -0.050373 -3.549197 0.010855 0.999076 -0.041589 -8.551341 0.050865 0.040986 0.997864 219.493646
0.998493 -0.013411 -0.053219 -3.599192 0.011171 0.999048 -0.042163 -8.603756 0.053734 0.041505 0.997692 220.383615
0.998336 -0.013782 -0.055988 -3.646041 0.011422 0.999042 -0.042246 -8.654173 0.056517 0.041537 0.997537 221.230238
0.998209 -0.013633 -0.058243 -3.693906 0.011161 0.999032 -0.042560 -8.703055 0.058767 0.041834 0.997395 222.045895
0.998010 -0.013860 -0.061514 -3.747226 0.011186 0.998987 -0.043598 -8.753154 0.062056 0.042823 0.997154 222.874607
0.997904 -0.013000 -0.063399 -3.798550 0.010276 0.999017 -0.043111 -8.801342 0.063897 0.042369 0.997057 223.662637
0.997757 -0.013408 -0.065585 -3.856312 0.010452 0.998923 -0.045216 -8.850508 0.066120 0.044429 0.996822 224.459743
0.997757 -0.013986 -0.065461 -3.907838 0.011014 0.998902 -0.045546 -8.897069 0.066026 0.044723 0.996815 225.192164
0.997773 -0.015427 -0.064897 -3.959293 0.012490 0.998890 -0.045410 -8.944637 0.065526 0.044499 0.996858 225.940557
0.997784 -0.016513 -0.064455 -4.006624 0.013602 0.998879 -0.045346 -8.989674 0.065132 0.044369 0.996890 226.646297
0.997840 -0.016120 -0.063690 -4.052783 0.013264 0.998898 -0.045016 -9.035888 0.064345 0.044074 0.996954 227.374731
0.997891 -0.014328 -0.063316 -4.101745 0.011471 0.998909 -0.045268 -9.082782 0.063895 0.044447 0.996966 228.115714
0.997967 -0.012054 -0.062583 -4.147887 0.009206 0.998917 -0.045601 -9.127663 0.063065 0.044932 0.996997 228.818180
0.998041 -0.010443 -0.061678 -4.192975 0.007625 0.998924 -0.045751 -9.172715 0.062090 0.045192 0.997047 229.520680
0.998094 -0.010205 -0.060860 -4.242780 0.007390 0.998900 -0.046309 -9.222296 0.061266 0.045771 0.997071 230.297143
0.998137 -0.010079 -0.060174 -4.289942 0.007309 0.998911 -0.046082 -9.270148 0.060573 0.045557 0.997124 231.041092
0.998187 -0.010196 -0.059324 -4.338822 0.007475 0.998918 -0.045900 -9.320235 0.059728 0.045374 0.997183 231.825926
0.998280 -0.010059 -0.057749 -4.383143 0.007389 0.998902 -0.046262 -9.367748 0.058151 0.045756 0.997259 232.565885
0.998432 -0.009745 -0.055128 -4.424974 0.007204 0.998911 -0.046102 -9.413559 0.055517 0.045632 0.997414 233.275208
0.998612 -0.010495 -0.051618 -4.464917 0.008123 0.998911 -0.045949 -9.458065 0.052044 0.045466 0.997609 233.964300
0.998833 -0.011358 -0.046936 -4.500003 0.009254 0.998953 -0.044804 -9.500855 0.047396 0.044318 0.997893 234.631569
0.998998 -0.012001 -0.043125 -4.532261 0.010092 0.998971 -0.044219 -9.546317 0.043611 0.043740 0.998091 235.355884
0.999117 -0.012453 -0.040130 -4.559490 0.010666 0.998955 -0.044444 -9.589682 0.040641 0.043976 0.998206 236.045947
0.999244 -0.012233 -0.036905 -4.585778 0.010590 0.998958 -0.044400 -9.634035 0.037410 0.043975 0.998332 236.752348
0.999372 -0.011925 -0.033361 -4.610143 0.010429 0.998948 -0.044653 -9.678690 0.033858 0.044277 0.998445 237.463207
0.999494 -0.011318 -0.029712 -4.630777 0.009969 0.998929 -0.045174 -9.720953 0.030192 0.044855 0.998537 238.127193
0.999582 -0.010780 -0.026813 -4.650245 0.009552 0.998919 -0.045501 -9.763558 0.027274 0.045225 0.998604 238.792653
0.999650 -0.011595 -0.023790 -4.668013 0.010496 0.998895 -0.045809 -9.806701 0.024295 0.045543 0.998667 239.463739
0.999693 -0.012338 -0.021479 -4.683571 0.011340 0.998877 -0.046003 -9.850206 0.022023 0.045745 0.998710 240.138006
0.999731 -0.012393 -0.019616 -4.699415 0.011480 0.998875 -0.046008 -9.895476 0.020164 0.045771 0.998748 240.841359
0.999754 -0.011232 -0.019131 -4.714118 0.010338 0.998879 -0.046195 -9.941433 0.019629 0.045986 0.998749 241.555503
0.999798 -0.008602 -0.018160 -4.728418 0.007748 0.998882 -0.046629 -9.986289 0.018540 0.046479 0.998747 242.246921
0.999830 -0.006612 -0.017195 -4.740050 0.005811 0.998916 -0.046177 -10.032776 0.017482 0.046069 0.998785 242.965862
0.999833 -0.006029 -0.017265 -4.753342 0.005222 0.998908 -0.046430 -10.079062 0.017526 0.046332 0.998772 243.683348
0.999838 -0.005811 -0.017030 -4.763170 0.005020 0.998922 -0.046140 -10.126225 0.017280 0.046047 0.998790 244.415250
0.999845 -0.005426 -0.016776 -4.775529 0.004639 0.998901 -0.046633 -10.175308 0.017011 0.046548 0.998771 245.179428
0.999854 -0.005376 -0.016192 -4.787661 0.004605 0.998870 -0.047304 -10.223001 0.016428 0.047223 0.998749 245.912617
0.999872 -0.003667 -0.015578 -4.795026 0.002927 0.998879 -0.047252 -10.274034 0.015734 0.047200 0.998762 246.696937
0.999873 -0.001568 -0.015882 -4.801899 0.000861 0.999012 -0.044424 -10.321221 0.015936 0.044405 0.998887 247.432931
0.999892 -0.000752 -0.014700 -4.812799 0.000116 0.999066 -0.043218 -10.368313 0.014719 0.043211 0.998958 248.194891
0.999898 -0.004683 -0.013463 -4.828217 0.004083 0.999012 -0.044264 -10.420004 0.013657 0.044204 0.998929 249.044280
0.999861 -0.011130 -0.012438 -4.843365 0.010496 0.998699 -0.049911 -10.474658 0.012977 0.049773 0.998676 249.903152
0.999815 -0.015580 -0.011258 -4.853352 0.015002 0.998650 -0.049733 -10.528026 0.012018 0.049554 0.998699 250.693255
0.999862 -0.013811 -0.009179 -4.860776 0.013347 0.998715 -0.048887 -10.582104 0.009842 0.048757 0.998762 251.500160
0.999957 -0.007471 -0.005503 -4.865142 0.007188 0.998736 -0.049747 -10.637305 0.005867 0.049705 0.998747 252.327304
0.999993 -0.003364 -0.001538 -4.869957 0.003278 0.998603 -0.052730 -10.696029 0.001713 0.052724 0.998608 253.188753
0.999992 -0.002962 0.002615 -4.869901 0.003100 0.998512 -0.054451 -10.753017 -0.002450 0.054459 0.998513 253.990269
0.999970 -0.004889 0.006050 -4.864930 0.005209 0.998519 -0.054147 -10.812879 -0.005776 0.054177 0.998515 254.823951
0.999923 -0.008133 0.009421 -4.856175 0.008605 0.998649 -0.051242 -10.874611 -0.008991 0.051319 0.998642 255.702567
0.999878 -0.009636 0.012333 -4.846714 0.010230 0.998747 -0.048983 -10.931415 -0.011846 0.049104 0.998723 256.541125
0.999833 -0.009949 0.015345 -4.834352 0.010681 0.998771 -0.048392 -10.987399 -0.014845 0.048548 0.998711 257.388273
0.999799 -0.007763 0.018484 -4.822154 0.008691 0.998679 -0.050646 -11.045183 -0.018066 0.050796 0.998546 258.257523
0.999764 -0.005494 0.021019 -4.806691 0.006557 0.998685 -0.050840 -11.100819 -0.020712 0.050966 0.998486 259.072206
0.999700 -0.005125 0.023964 -4.788557 0.006354 0.998653 -0.051498 -11.154099 -0.023668 0.051635 0.998386 259.844399
0.999604 -0.006909 0.027269 -4.769126 0.008325 0.998604 -0.052163 -11.210317 -0.026870 0.052369 0.998266 260.655003
0.999489 -0.008491 0.030803 -4.744595 0.010125 0.998528 -0.053293 -11.269570 -0.030306 0.053577 0.998104 261.501584
0.999410 -0.008534 0.033257 -4.716849 0.010324 0.998486 -0.054020 -11.331441 -0.032745 0.054332 0.997986 262.375213
0.999346 -0.008010 0.035253 -4.690199 0.009920 0.998474 -0.054325 -11.392840 -0.034764 0.054639 0.997901 263.234495
0.999279 -0.007540 0.037201 -4.658720 0.009481 0.998588 -0.052270 -11.452794 -0.036755 0.052585 0.997940 264.079457
0.999185 -0.008528 0.039458 -4.625747 0.010513 0.998676 -0.050356 -11.508541 -0.038976 0.050730 0.997952 264.885488
0.999183 -0.009053 0.039395 -4.593401 0.011014 0.998696 -0.049856 -11.562465 -0.038892 0.050250 0.997979 265.679809
0.999193 -0.009263 0.039092 -4.561613 0.011216 0.998685 -0.050026 -11.617009 -0.038577 0.050424 0.997983 266.486857
0.999208 -0.009197 0.038712 -4.531780 0.011147 0.998663 -0.050476 -11.671222 -0.038196 0.050867 0.997975 267.285149
0.999196 -0.009494 0.038943 -4.503427 0.011476 0.998633 -0.050998 -11.724571 -0.038406 0.051404 0.997939 268.063709
0.999236 -0.009875 0.037805 -4.472677 0.011848 0.998560 -0.052331 -11.783423 -0.037233 0.052739 0.997914 268.918421
0.999251 -0.009262 0.037567 -4.441529 0.011226 0.998562 -0.052424 -11.841491 -0.037027 0.052806 0.997918 269.749456
0.999255 -0.008334 0.037683 -4.409109 0.010319 0.998552 -0.052792 -11.902987 -0.037188 0.053142 0.997894 270.631026
0.999310 -0.007520 0.036376 -4.384291 0.009482 0.998492 -0.054074 -11.959310 -0.035915 0.054382 0.997874 271.423765
0.999349 -0.006949 0.035415 -4.357499 0.008896 0.998440 -0.055127 -12.018179 -0.034977 0.055406 0.997851 272.240429
0.999415 -0.006752 0.033533 -4.328560 0.008623 0.998394 -0.055986 -12.079983 -0.033101 0.056242 0.997868 273.088625
0.999448 -0.007125 0.032462 -4.301013 0.008954 0.998361 -0.056530 -12.140466 -0.032006 0.056789 0.997873 273.908345
0.999509 -0.008492 0.030165 -4.273292 0.010198 0.998331 -0.056846 -12.202072 -0.029632 0.057126 0.997927 274.738838
0.999598 -0.010664 0.026263 -4.242576 0.012119 0.998364 -0.055873 -12.264505 -0.025624 0.056169 0.998092 275.583435
0.999682 -0.012573 0.021846 -4.220967 0.013755 0.998403 -0.054791 -12.327187 -0.021122 0.055074 0.998259 276.445001
0.999755 -0.013587 0.017498 -4.204190 0.014522 0.998409 -0.054485 -12.386850 -0.016730 0.054726 0.998361 277.271866
0.999812 -0.014223 0.013152 -4.192349 0.014913 0.998434 -0.053919 -12.445063 -0.012365 0.054105 0.998459 278.082151
0.999852 -0.014802 0.008805 -4.184347 0.015253 0.998444 -0.053640 -12.499711 -0.007997 0.053767 0.998521 278.844171
0.999876 -0.015364 0.003360 -4.176636 0.015520 0.998498 -0.052542 -12.560425 -0.002548 0.052587 0.998613 279.705631
0.999893 -0.014574 -0.000865 -4.171067 0.014510 0.998559 -0.051676 -12.622723 0.001616 0.051658 0.998664 280.604871
0.999882 -0.014664 -0.004562 -4.172793 0.014406 0.998535 -0.052150 -12.676567 0.005320 0.052078 0.998629 281.377311
0.999865 -0.014277 -0.008180 -4.181331 0.013831 0.998542 -0.052174 -12.727683 0.008913 0.052053 0.998605 282.104240
0.999815 -0.014576 -0.012536 -4.191773 0.013907 0.998559 -0.051828 -12.779093 0.013273 0.051644 0.998577 282.837363
0.999777 -0.013846 -0.015932 -4.204152 0.013014 0.998603 -0.051214 -12.830623 0.016619 0.050995 0.998561 283.577527
0.999711 -0.012278 -0.020681 -4.224907 0.011182 0.998567 -0.052336 -12.881332 0.021294 0.052090 0.998415 284.302701
0.999586 -0.010464 -0.026804 -4.248366 0.009002 0.998495 -0.054102 -12.931437 0.027330 0.053838 0.998176 285.002628
0.999318 -0.008668 -0.035889 -4.276031 0.006671 0.998442 -0.055402 -12.979531 0.036313 0.055125 0.997819 285.656005
0.998881 -0.007981 -0.046615 -4.309210 0.005382 0.998437 -0.055633 -13.026427 0.046987 0.055320 0.997363 286.284473
0.998190 -0.007232 -0.059697 -4.356229 0.003879 0.998418 -0.056090 -13.076093 0.060008 0.055757 0.996639 286.950725
0.997100 -0.007780 -0.075709 -4.408907 0.003463 0.998369 -0.056990 -13.119665 0.076029 0.056562 0.995500 287.521076
0.995540 -0.008790 -0.093932 -4.473796 0.003176 0.998208 -0.059753 -13.165901 0.094289 0.059189 0.993784 288.112678
0.992913 -0.008922 -0.118504 -4.547663 0.001606 0.998094 -0.061685 -13.209397 0.118829 0.061058 0.991036 288.645846
0.989332 -0.008657 -0.145419 -4.641276 -0.000477 0.998035 -0.062664 -13.258552 0.145675 0.062065 0.987384 289.243275
0.984552 -0.008687 -0.174879 -4.750813 -0.002582 0.997940 -0.064109 -13.307455 0.175075 0.063570 0.982501 289.825006
0.978308 -0.009552 -0.206933 -4.883918 -0.004007 0.997877 -0.065005 -13.354771 0.207115 0.064424 0.976193 290.374645
0.969965 -0.010457 -0.243021 -5.045337 -0.005312 0.997927 -0.064139 -13.402339 0.243188 0.063504 0.967898 290.923215
0.959758 -0.011468 -0.280594 -5.217495 -0.006706 0.997945 -0.063725 -13.447840 0.280748 0.063043 0.957709 291.444216
0.947797 -0.012974 -0.318610 -5.416088 -0.007844 0.997921 -0.063972 -13.494032 0.318777 0.063131 0.945725 291.966801
0.933001 -0.014504 -0.359580 -5.641813 -0.009271 0.997887 -0.064308 -13.540585 0.359753 0.063333 0.930896 292.482830
0.915712 -0.015579 -0.401534 -5.886042 -0.011093 0.997887 -0.064016 -13.586050 0.401683 0.063075 0.913604 292.975805
0.896251 -0.016151 -0.443252 -6.151086 -0.013075 0.997940 -0.062800 -13.630934 0.443354 0.062080 0.894194 293.456569
0.874356 -0.015962 -0.485022 -6.432739 -0.015762 0.997998 -0.061258 -13.674156 0.485029 0.061206 0.872354 293.914841
0.848833 -0.015152 -0.528444 -6.728504 -0.018777 0.998094 -0.058778 -13.715403 0.528328 0.059815 0.846931 294.350229
0.819686 -0.014603 -0.572627 -7.061574 -0.021278 0.998209 -0.055915 -13.756757 0.572418 0.058017 0.817907 294.788783
0.787847 -0.014800 -0.615693 -7.398610 -0.023196 0.998289 -0.053678 -13.794424 0.615434 0.056571 0.786156 295.182286
0.752299 -0.015604 -0.658637 -7.733006 -0.026183 0.998222 -0.053555 -13.828941 0.658301 0.057535 0.750553 295.525142
0.713698 -0.013849 -0.700317 -8.094632 -0.030073 0.998277 -0.050389 -13.863606 0.699808 0.057023 0.712051 295.864310
0.669966 -0.012220 -0.742291 -8.465598 -0.031312 0.998510 -0.044699 -13.894830 0.741731 0.053190 0.668585 296.171192
0.622983 -0.010063 -0.782171 -8.859566 -0.031016 0.998813 -0.037554 -13.922992 0.781620 0.047655 0.621932 296.456789
0.571183 -0.009183 -0.820771 -9.254008 -0.031119 0.998976 -0.032834 -13.947309 0.820232 0.044296 0.570313 296.701757
0.514286 -0.011811 -0.857537 -9.636223 -0.031815 0.998954 -0.032840 -13.969057 0.857028 0.044172 0.513372 296.893856
0.455444 -0.018388 -0.890075 -10.042156 -0.032198 0.998792 -0.037110 -13.992378 0.889682 0.045561 0.454302 297.059905
0.395256 -0.023631 -0.918267 -10.440051 -0.033977 0.998609 -0.040324 -14.016448 0.917942 0.047138 0.393904 297.193321
0.332375 -0.025862 -0.942792 -10.835073 -0.036273 0.998534 -0.040179 -14.040090 0.942449 0.047552 0.330950 297.295746
0.268925 -0.026417 -0.962799 -11.249057 -0.037562 0.998576 -0.037890 -14.064079 0.962429 0.046354 0.267550 297.383347
0.205805 -0.026651 -0.978230 -11.662365 -0.037519 0.998679 -0.035101 -14.086613 0.977874 0.043926 0.204533 297.442359
0.139691 -0.027136 -0.989823 -12.058729 -0.037009 0.998783 -0.032604 -14.107354 0.989503 0.041187 0.138516 297.473513
0.072043 -0.027101 -0.997033 -12.480653 -0.036819 0.998877 -0.029812 -14.127623 0.996722 0.038857 0.070965 297.472265
0.005283 -0.029742 -0.999544 -12.882723 -0.036798 0.998875 -0.029917 -14.146947 0.999309 0.036939 0.004182 297.442331
-0.064605 -0.030151 -0.997455 -13.339707 -0.034856 0.999002 -0.027940 -14.168193 0.997302 0.032962 -0.065592 297.387476
-0.134411 -0.031255 -0.990433 -13.803664 -0.031869 0.999122 -0.027204 -14.189402 0.990413 0.027908 -0.135289 297.297989
-0.205602 -0.031474 -0.978129 -14.245831 -0.028901 0.999242 -0.026078 -14.209389 0.978209 0.022907 -0.206356 297.170709
-0.274541 -0.031966 -0.961044 -14.703925 -0.025751 0.999333 -0.025883 -14.230480 0.961231 0.017642 -0.275181 297.011186
-0.341734 -0.031036 -0.939284 -15.163549 -0.023199 0.999429 -0.024584 -14.251724 0.939511 0.013389 -0.342258 296.813727
-0.407055 -0.030412 -0.912897 -15.613440 -0.021980 0.999482 -0.023495 -14.272871 0.913139 0.010502 -0.407512 296.589520
-0.468126 -0.030136 -0.883148 -16.038030 -0.022405 0.999502 -0.022231 -14.293102 0.883378 0.009380 -0.468568 296.338177
-0.526301 -0.031262 -0.849723 -16.472989 -0.024743 0.999464 -0.021446 -14.313955 0.849938 0.009737 -0.526793 296.042969
-0.581663 -0.032791 -0.812768 -16.900298 -0.026532 0.999420 -0.021333 -14.335036 0.812997 0.009156 -0.582196 295.710012
-0.633327 -0.034040 -0.773135 -17.293215 -0.027763 0.999388 -0.021259 -14.355427 0.773386 0.008001 -0.633885 295.351287
-0.677233 -0.035021 -0.734934 -17.679166 -0.028505 0.999366 -0.021355 -14.376479 0.735216 0.006488 -0.677802 294.958365
-0.714712 -0.035658 -0.698509 -18.073504 -0.028725 0.999353 -0.021624 -14.399020 0.698829 0.004610 -0.715274 294.519301
-0.748914 -0.032897 -0.661850 -18.459915 -0.027506 0.999449 -0.018553 -14.421356 0.662096 0.004310 -0.749406 294.050057
-0.781953 -0.026901 -0.622757 -18.845255 -0.024620 0.999622 -0.012267 -14.441842 0.622851 0.005740 -0.782319 293.528515
-0.813677 -0.021889 -0.580904 -19.224782 -0.021579 0.999739 -0.007445 -14.459681 0.580916 0.006477 -0.813938 292.954287
-0.842873 -0.020189 -0.537734 -19.559078 -0.020254 0.999778 -0.005790 -14.474939 0.537731 0.006011 -0.843095 292.387258
-0.869507 -0.022960 -0.493387 -19.894543 -0.022531 0.999723 -0.006815 -14.491050 0.493407 0.005191 -0.869783 291.757008
-0.892712 -0.026244 -0.449863 -20.221932 -0.026346 0.999635 -0.006037 -14.508110 0.449857 0.006463 -0.893077 291.088043
-0.912630 -0.031427 -0.407577 -20.522421 -0.030914 0.999491 -0.007848 -14.525571 0.407616 0.005438 -0.913137 290.394244
-0.930374 -0.034660 -0.364970 -20.813058 -0.034427 0.999382 -0.007146 -14.544550 0.364992 0.005917 -0.930992 289.660354
-0.945993 -0.035664 -0.322219 -21.075600 -0.034786 0.999359 -0.008482 -14.563890 0.322315 0.003185 -0.946627 288.895058
-0.959908 -0.036455 -0.277935 -21.303016 -0.035004 0.999335 -0.010182 -14.584480 0.278122 -0.000045 -0.960546 288.105531
-0.971619 -0.037094 -0.233626 -21.512190 -0.035838 0.999311 -0.009620 -14.607274 0.233822 -0.000974 -0.972279 287.232498
-0.981510 -0.036178 -0.187958 -21.695431 -0.035561 0.999345 -0.006654 -14.629972 0.188076 0.000153 -0.982154 286.303452
-0.989169 -0.034236 -0.142733 -21.846143 -0.034268 0.999410 -0.002234 -14.650395 0.142725 0.002681 -0.989759 285.319027
-0.994650 -0.032316 -0.098116 -21.954460 -0.032295 0.999477 -0.001804 -14.668266 0.098123 0.001374 -0.995173 284.279281
-0.997963 -0.029874 -0.056360 -22.015801 -0.030080 0.999544 0.002818 -14.683770 0.056250 0.004507 -0.998407 283.289314
-0.999483 -0.028855 -0.014198 -22.033513 -0.028899 0.999578 0.002875 -14.696121 0.014109 0.003284 -0.999895 282.304167
-0.999232 -0.031810 0.022859 -22.016355 -0.031752 0.999492 0.002898 -14.709396 -0.022940 0.002170 -0.999734 281.239453
-0.997511 -0.033441 0.062081 -21.958631 -0.033319 0.999440 0.003005 -14.722415 -0.062146 0.000929 -0.998067 280.187474
-0.994671 -0.032531 0.097832 -21.861676 -0.032405 0.999471 0.002876 -14.735549 -0.097874 -0.000310 -0.995199 279.126760
-0.990592 -0.031445 0.133187 -21.719302 -0.031388 0.999504 0.002525 -14.749088 -0.133200 -0.001679 -0.991088 278.031271
-0.985579 -0.031443 0.166268 -21.486396 -0.031446 0.999502 0.002613 -14.765664 -0.166267 -0.002653 -0.986077 276.615737
-0.980171 -0.030833 0.195741 -21.261867 -0.030835 0.999520 0.003041 -14.779524 -0.195741 -0.003055 -0.980651 275.493638
-0.973491 -0.028116 0.226992 -20.921733 -0.028621 0.999590 0.001068 -14.797027 -0.226929 -0.005457 -0.973896 273.996847
-0.967291 -0.026043 0.252329 -20.614441 -0.027010 0.999635 -0.000368 -14.814615 -0.252227 -0.007172 -0.967641 272.800365
-0.961053 -0.025063 0.275227 -20.264941 -0.026756 0.999639 -0.002396 -14.834911 -0.275067 -0.009666 -0.961376 271.561630
-0.955608 -0.025079 0.293572 -19.911653 -0.028323 0.999576 -0.006804 -14.857715 -0.293277 -0.014817 -0.955913 270.401407
-0.951396 -0.023982 0.307036 -19.545882 -0.028937 0.999514 -0.011598 -14.885700 -0.306609 -0.019919 -0.951627 269.266468
-0.948604 -0.020541 0.315798 -19.161542 -0.027278 0.999485 -0.016929 -14.919552 -0.315288 -0.024674 -0.948675 268.132956
-0.947204 -0.017567 0.320150 -18.743096 -0.025592 0.999454 -0.020875 -14.961989 -0.319609 -0.027966 -0.947137 266.918679
-0.947205 -0.017552 0.320147 -18.326460 -0.026617 0.999358 -0.023961 -15.008854 -0.319521 -0.031218 -0.947065 265.718710
