1.000000 0.000000 0.000000 0.000000 0.000000 1.000000 0.000000 0.000000 0.000000 0.000000 1.000000 0.000000
0.999998 0.001080 -0.001545 -0.002152 -0.001079 0.999999 0.000838 -0.012291 0.001546 -0.000836 0.999998 0.683659
0.999991 0.002838 -0.003245 -0.008934 -0.002835 0.999995 0.001085 -0.023918 0.003248 -0.001076 0.999994 1.346654
0.999976 0.004407 -0.005257 -0.018231 -0.004400 0.999989 0.001435 -0.034492 0.005263 -0.001412 0.999985 1.936052
0.999944 0.006463 -0.008419 -0.028483 -0.006433 0.999973 0.003584 -0.044144 0.008442 -0.003530 0.999958 2.514313
0.999904 0.008956 -0.010538 -0.037930 -0.008894 0.999943 0.005894 -0.052859 0.010590 -0.005800 0.999927 3.128391
0.999880 0.010069 -0.011805 -0.049944 -0.009982 0.999923 0.007387 -0.060302 0.011878 -0.007268 0.999903 3.731440
0.999865 0.009091 -0.013721 -0.064562 -0.008980 0.999927 0.008127 -0.067109 0.013794 -0.008003 0.999873 4.348125
0.999846 0.009428 -0.014798 -0.078245 -0.009292 0.999914 0.009229 -0.073182 0.014884 -0.009090 0.999848 4.914689
0.999791 0.011918 -0.016640 -0.093714 -0.011759 0.999885 0.009592 -0.078953 0.016752 -0.009394 0.999816 5.508345
0.999718 0.015793 -0.017710 -0.112170 -0.015648 0.999843 0.008300 -0.084913 0.017838 -0.008020 0.999809 6.077046
0.999609 0.019606 -0.019935 -0.133677 -0.019469 0.999785 0.007073 -0.091657 0.020069 -0.006682 0.999776 6.681430
0.999567 0.019900 -0.021654 -0.154929 -0.019784 0.999789 0.005578 -0.099158 0.021761 -0.005147 0.999750 7.273811
0.999655 0.013247 -0.022693 -0.175643 -0.013168 0.999907 0.003591 -0.107907 0.022739 -0.003291 0.999736 7.890986
0.999713 0.002474 -0.023840 -0.197421 -0.002404 0.999993 0.002941 -0.117845 0.023847 -0.002882 0.999711 8.548842
0.999700 -0.004455 -0.024067 -0.219175 0.004498 0.999988 0.001710 -0.128842 0.024059 -0.001818 0.999709 9.242840
0.999676 -0.004447 -0.025051 -0.238600 0.004434 0.999990 -0.000572 -0.140637 0.025054 0.000460 0.999686 9.890727
0.999656 0.002798 -0.026074 -0.257418 -0.002863 0.999993 -0.002425 -0.153878 0.026067 0.002499 0.999657 10.544258
0.999579 0.009073 -0.027554 -0.279066 -0.009141 0.999955 -0.002338 -0.168149 0.027532 0.002589 0.999618 11.232321
0.999585 0.007250 -0.027865 -0.299679 -0.007270 0.999973 -0.000595 -0.182400 0.027860 0.000798 0.999612 11.959411
0.999578 -0.002299 -0.028951 -0.326027 0.002308 0.999997 0.000280 -0.196209 0.028950 -0.000347 0.999581 12.737165
0.999529 -0.010530 -0.028816 -0.349900 0.010571 0.999943 0.001257 -0.209139 0.028801 -0.001561 0.999584 13.495097
0.999474 -0.012999 -0.029707 -0.376555 0.013078 0.999911 0.002466 -0.221399 0.029672 -0.002853 0.999556 14.265276
0.999481 -0.011712 -0.030012 -0.401906 0.011855 0.999919 0.004611 -0.232521 0.029955 -0.004964 0.999539 15.044181
0.999524 -0.008890 -0.029559 -0.429040 0.009051 0.999945 0.005326 -0.242537 0.029510 -0.005591 0.999549 15.835501
0.999551 -0.005649 -0.029411 -0.455198 0.005717 0.999981 0.002230 -0.253106 0.029398 -0.002397 0.999565 16.605824
0.999569 0.000503 -0.029363 -0.479074 -0.000341 0.999985 0.005518 -0.264376 0.029365 -0.005506 0.999554 17.417006
0.999572 0.006983 -0.028412 -0.503250 -0.006755 0.999944 0.008135 -0.273520 0.028467 -0.007940 0.999563 18.275766
0.999531 0.012361 -0.028016 -0.528993 -0.012155 0.999898 0.007497 -0.281491 0.028106 -0.007153 0.999579 19.142528
0.999545 0.012959 -0.027251 -0.554472 -0.012821 0.999904 0.005205 -0.290491 0.027315 -0.004853 0.999615 19.999948
0.999571 0.011709 -0.026856 -0.581737 -0.011570 0.999919 0.005299 -0.300769 0.026916 -0.004986 0.999625 20.880563
0.999556 0.012196 -0.027189 -0.610352 -0.012085 0.999918 0.004256 -0.311551 0.027239 -0.003925 0.999621 21.792372
0.999517 0.014094 -0.027692 -0.638926 -0.014051 0.999900 0.001745 -0.323759 0.027714 -0.001355 0.999615 22.700621
0.999477 0.014405 -0.028940 -0.673892 -0.014471 0.999893 -0.002082 -0.338567 0.028907 0.002500 0.999579 23.614068
0.999460 0.013855 -0.029779 -0.705106 -0.013969 0.999896 -0.003617 -0.355468 0.029726 0.004031 0.999550 24.476170
0.999460 0.013393 -0.029990 -0.741370 -0.013531 0.999899 -0.004404 -0.373972 0.029928 0.004808 0.999540 25.378134
0.999462 0.013162 -0.030041 -0.778061 -0.013309 0.999901 -0.004675 -0.394028 0.029976 0.005072 0.999538 26.338905
0.999459 0.011875 -0.030663 -0.812686 -0.012040 0.999914 -0.005220 -0.413442 0.030599 0.005586 0.999516 27.239658
0.999451 0.010152 -0.031553 -0.852112 -0.010332 0.999931 -0.005537 -0.434367 0.031494 0.005859 0.999487 28.206797
0.999444 0.008525 -0.032246 -0.890526 -0.008724 0.999944 -0.006040 -0.456248 0.032193 0.006317 0.999462 29.202300
0.999426 0.009192 -0.032618 -0.929839 -0.009378 0.999941 -0.005543 -0.478303 0.032566 0.005845 0.999453 30.197570
0.999422 0.010068 -0.032466 -0.966009 -0.010279 0.999927 -0.006349 -0.500114 0.032400 0.006679 0.999453 31.178241
0.999452 0.009539 -0.031691 -1.003140 -0.009747 0.999932 -0.006408 -0.523478 0.031628 0.006714 0.999477 32.213188
0.999472 0.006278 -0.031876 -1.041542 -0.006475 0.999961 -0.006072 -0.546532 0.031836 0.006275 0.999473 33.237891
0.999444 0.002621 -0.033241 -1.082086 -0.002820 0.999978 -0.005926 -0.569448 0.033224 0.006017 0.999430 34.271198
0.999441 0.000042 -0.033427 -1.121888 -0.000218 0.999986 -0.005272 -0.592051 0.033426 0.005276 0.999427 35.301416
0.999399 -0.000821 -0.034652 -1.166361 0.000648 0.999987 -0.005005 -0.614978 0.034656 0.004979 0.999387 36.382550
0.999371 0.000625 -0.035455 -1.212141 -0.000777 0.999991 -0.004256 -0.637056 0.035452 0.004281 0.999362 37.440306
0.999336 0.001034 -0.036422 -1.260902 -0.001204 0.999988 -0.004648 -0.659914 0.036416 0.004689 0.999326 38.571247
0.999257 0.000074 -0.038540 -1.310669 -0.000224 0.999992 -0.003897 -0.683500 0.038540 0.003903 0.999249 39.740766
0.999214 -0.001608 -0.039617 -1.358434 0.001434 0.999989 -0.004423 -0.705182 0.039624 0.004363 0.999205 40.819130
0.999165 -0.004552 -0.040604 -1.410209 0.004369 0.999980 -0.004581 -0.727328 0.040624 0.004400 0.999165 41.900831
0.999101 -0.004975 -0.042103 -1.460692 0.004728 0.999971 -0.005958 -0.749217 0.042132 0.005754 0.999096 42.930185
0.999054 -0.001259 -0.043473 -1.512693 0.000922 0.999969 -0.007767 -0.773284 0.043482 0.007720 0.999024 43.991920
0.999032 0.003502 -0.043861 -1.562459 -0.003873 0.999957 -0.008375 -0.798505 0.043830 0.008536 0.999003 45.034266
0.999028 0.003616 -0.043922 -1.614262 -0.004048 0.999944 -0.009757 -0.824806 0.043884 0.009925 0.998987 46.088306
0.998995 0.000296 -0.044829 -1.666924 -0.000676 0.999964 -0.008442 -0.851988 0.044825 0.008463 0.998959 47.157442
0.998994 -0.002134 -0.044801 -1.721972 0.001735 0.999959 -0.008944 -0.878591 0.044818 0.008857 0.998956 48.237477
0.998978 -0.003418 -0.045059 -1.774860 0.003098 0.999970 -0.007166 -0.904953 0.045082 0.007019 0.998959 49.313935
0.998940 -0.002966 -0.045926 -1.828832 0.002662 0.999974 -0.006671 -0.929792 0.045945 0.006542 0.998923 50.388739
0.998951 -0.001337 -0.045770 -1.881240 0.001114 0.999987 -0.004896 -0.953922 0.045775 0.004839 0.998940 51.474784
0.998936 0.001412 -0.046088 -1.930456 -0.001686 0.999981 -0.005901 -0.976257 0.046078 0.005973 0.998920 52.513504
0.998944 0.004029 -0.045767 -1.978992 -0.004233 0.999982 -0.004362 -0.999075 0.045748 0.004551 0.998943 53.566995
0.998971 0.007673 -0.044703 -2.027013 -0.007842 0.999963 -0.003603 -1.020281 0.044674 0.003950 0.998994 54.606226
0.998972 0.009670 -0.044285 -2.076798 -0.009773 0.999950 -0.002113 -1.040422 0.044262 0.002544 0.999017 55.647484
0.998986 0.007926 -0.044328 -2.123591 -0.007983 0.999968 -0.001117 -1.058634 0.044318 0.001470 0.999016 56.650255
0.999058 0.001890 -0.043351 -2.178263 -0.001898 0.999998 -0.000143 -1.076949 0.043351 0.000225 0.999060 57.744041
0.999062 -0.003873 -0.043137 -2.229865 0.003938 0.999991 0.001431 -1.093642 0.043131 -0.001600 0.999068 58.805097
0.999097 -0.004968 -0.042186 -2.277629 0.005103 0.999982 0.003103 -1.108258 0.042170 -0.003316 0.999105 59.824809
0.999162 -0.001131 -0.040905 -2.323262 0.001372 0.999982 0.005869 -1.120861 0.040898 -0.005921 0.999146 60.847597
0.999153 0.002061 -0.041108 -2.366523 -0.001783 0.999975 0.006818 -1.131161 0.041121 -0.006738 0.999131 61.857445
0.999131 0.005495 -0.041311 -2.413197 -0.005330 0.999977 0.004085 -1.141925 0.041332 -0.003862 0.999138 62.910111
0.999122 0.009616 -0.040778 -2.458493 -0.009443 0.999946 0.004430 -1.154411 0.040818 -0.004041 0.999158 63.944480
0.999140 0.010301 -0.040153 -2.504029 -0.010264 0.999947 0.001123 -1.167749 0.040162 -0.000710 0.999193 64.983271
0.999225 0.005458 -0.038971 -2.551160 -0.005626 0.999975 -0.004199 -1.185563 0.038947 0.004415 0.999232 66.059454
0.999248 0.002908 -0.038664 -2.594676 -0.003152 0.999975 -0.006269 -1.208191 0.038645 0.006387 0.999233 67.140785
0.999258 0.002167 -0.038462 -2.636626 -0.002360 0.999985 -0.004988 -1.231505 0.038451 0.005075 0.999248 68.197683
0.999238 0.001289 -0.039001 -2.678545 -0.001427 0.999993 -0.003522 -1.253962 0.038996 0.003575 0.999233 69.286147
0.999233 0.000001 -0.039151 -2.720125 -0.000094 0.999997 -0.002377 -1.274417 0.039151 0.002379 0.999230 70.342792
0.999221 -0.001565 -0.039426 -2.766264 0.001531 0.999998 -0.000902 -1.294469 0.039428 0.000841 0.999222 71.464409
0.999172 -0.003499 -0.040524 -2.809145 0.003494 0.999994 -0.000199 -1.312188 0.040525 0.000057 0.999179 72.513321
0.999155 -0.002561 -0.041023 -2.853337 0.002520 0.999996 -0.001038 -1.329894 0.041025 0.000933 0.999158 73.578284
0.999133 0.001557 -0.041596 -2.897556 -0.001592 0.999998 -0.000806 -1.347876 0.041594 0.000872 0.999134 74.622844
0.999112 0.004153 -0.041924 -2.942859 -0.004199 0.999991 -0.001009 -1.365844 0.041920 0.001184 0.999120 75.674922
0.999090 0.002544 -0.042573 -2.988530 -0.002640 0.999994 -0.002211 -1.384198 0.042567 0.002321 0.999091 76.716167
0.999070 -0.002280 -0.043056 -3.038298 0.002140 0.999992 -0.003296 -1.404048 0.043063 0.003201 0.999067 77.780558
0.999020 -0.006741 -0.043743 -3.088102 0.006515 0.999965 -0.005288 -1.425126 0.043777 0.004998 0.999029 78.828855
0.998958 -0.007670 -0.044990 -3.137849 0.007425 0.999957 -0.005609 -1.447829 0.045031 0.005269 0.998972 79.879934
0.998930 -0.005633 -0.045899 -3.187759 0.005420 0.999974 -0.004760 -1.470886 0.045924 0.004506 0.998935 80.951865
0.998885 -0.004373 -0.047011 -3.239184 0.004178 0.999982 -0.004233 -1.492612 0.047029 0.004032 0.998885 81.994117
0.998845 -0.004238 -0.047854 -3.291485 0.004071 0.999985 -0.003575 -1.514003 0.047869 0.003376 0.998848 83.051981
0.998823 -0.003680 -0.048361 -3.341970 0.003607 0.999992 -0.001595 -1.534168 0.048366 0.001418 0.998829 84.102822
0.998813 -0.004813 -0.048464 -3.389858 0.004819 0.999988 -0.000001 -1.551545 0.048463 -0.000233 0.998825 85.092876
0.998742 -0.007275 -0.049605 -3.440186 0.007344 0.999972 0.001199 -1.567417 0.049594 -0.001562 0.998768 86.080459
0.998713 -0.008137 -0.050053 -3.490097 0.008258 0.999963 0.002214 -1.581793 0.050033 -0.002625 0.998744 87.033415
0.998598 -0.008600 -0.052224 -3.538140 0.008785 0.999956 0.003310 -1.594420 0.052193 -0.003764 0.998630 87.910994
0.998417 -0.008176 -0.055644 -3.585496 0.008398 0.999958 0.003765 -1.606002 0.055611 -0.004226 0.998444 88.753043
0.998190 -0.007627 -0.059660 -3.635555 0.007861 0.999962 0.003692 -1.617024 0.059630 -0.004154 0.998212 89.554852
0.998024 -0.008315 -0.062285 -3.689894 0.008602 0.999954 0.004349 -1.628035 0.062246 -0.004877 0.998049 90.378410
0.997783 -0.010084 -0.065781 -3.750163 0.010325 0.999941 0.003332 -1.638967 0.065744 -0.004003 0.997828 91.192532
0.997575 -0.011358 -0.068674 -3.809689 0.011545 0.999931 0.002327 -1.650441 0.068643 -0.003114 0.997636 91.972145
0.997323 -0.013087 -0.071939 -3.874231 0.013241 0.999911 0.001665 -1.662717 0.071910 -0.002613 0.997408 92.764819
0.997066 -0.014222 -0.075217 -3.938495 0.014264 0.999898 0.000016 -1.675321 0.075209 -0.001089 0.997167 93.505802
0.996857 -0.014659 -0.077852 -4.003844 0.014524 0.999892 -0.002299 -1.689140 0.077878 0.001161 0.996962 94.226258
0.996642 -0.013862 -0.080706 -4.064086 0.013582 0.999900 -0.004008 -1.703748 0.080754 0.002898 0.996730 94.898832
0.996482 -0.010695 -0.083124 -4.125242 0.010249 0.999931 -0.005799 -1.719181 0.083180 0.004927 0.996522 95.549489
0.996254 -0.007532 -0.086151 -4.189484 0.006858 0.999944 -0.008116 -1.736228 0.086207 0.007495 0.996249 96.216787
0.996198 -0.005396 -0.086953 -4.251263 0.004490 0.999934 -0.010619 -1.754071 0.087005 0.010189 0.996156 96.844673
0.995976 -0.005245 -0.089470 -4.310387 0.004173 0.999917 -0.012162 -1.772330 0.089527 0.011740 0.995915 97.436368
0.995979 -0.005847 -0.089393 -4.370370 0.004615 0.999892 -0.013983 -1.791529 0.089465 0.013515 0.995898 98.024940
0.996167 -0.007855 -0.087122 -4.426156 0.006344 0.999825 -0.017606 -1.811214 0.087245 0.016985 0.996042 98.568466
0.996559 -0.009711 -0.082316 -4.474884 0.008068 0.999762 -0.020272 -1.831658 0.082493 0.019538 0.996400 99.081007
0.997123 -0.012215 -0.074812 -4.519277 0.010611 0.999706 -0.021801 -1.852503 0.075056 0.020945 0.996959 99.575176
0.997737 -0.014928 -0.065560 -4.553221 0.013525 0.999671 -0.021800 -1.872306 0.065864 0.020864 0.997610 100.031498
0.998436 -0.016675 -0.053358 -4.580238 0.015575 0.999659 -0.020968 -1.891733 0.053689 0.020105 0.998355 100.484843
0.999068 -0.017313 -0.039546 -4.598498 0.016501 0.999648 -0.020765 -1.910364 0.039892 0.020093 0.999002 100.919644
0.999560 -0.017154 -0.024179 -4.601963 0.016664 0.999654 -0.020341 -1.927567 0.024520 0.019929 0.999501 101.315832
0.999868 -0.014929 -0.006439 -4.593335 0.014801 0.999702 -0.019426 -1.944019 0.006727 0.019328 0.999791 101.701031
0.999817 -0.011882 0.015020 -4.576649 0.012155 0.999759 -0.018275 -1.960029 -0.014800 0.018454 0.999720 102.084820
0.999096 -0.008474 0.041658 -4.545702 0.009148 0.999830 -0.016013 -1.976249 -0.041516 0.016379 0.999004 102.500595
0.997599 -0.006497 0.068950 -4.507208 0.007454 0.999879 -0.013628 -1.990226 -0.068853 0.014109 0.997527 102.869257
0.994965 -0.006264 0.100026 -4.453220 0.007388 0.999914 -0.010871 -2.003682 -0.099950 0.011555 0.994925 103.254110
0.991032 -0.006033 0.133485 -4.389405 0.007181 0.999941 -0.008123 -2.015775 -0.133428 0.009009 0.991018 103.624614
0.985292 -0.005992 0.170777 -4.310569 0.007009 0.999961 -0.005349 -2.026673 -0.170738 0.006467 0.985295 103.983852
0.977618 -0.006961 0.210271 -4.218162 0.007538 0.999970 -0.001944 -2.036227 -0.210251 0.003486 0.977641 104.332746
0.967982 -0.007289 0.250915 -4.112071 0.007314 0.999973 0.000835 -2.044781 -0.250914 0.001027 0.968009 104.680299
0.956159 -0.007043 0.292763 -3.993395 0.007064 0.999975 0.000986 -2.053226 -0.292763 0.001125 0.956184 105.027141
0.941072 -0.007020 0.338135 -3.861917 0.007780 0.999969 -0.000893 -2.062121 -0.338118 0.003471 0.941097 105.352287
0.923426 -0.008226 0.383689 -3.717770 0.009174 0.999958 -0.000642 -2.070846 -0.383668 0.004113 0.923462 105.662927
0.903381 -0.009573 0.428732 -3.552650 0.010799 0.999942 -0.000427 -2.079606 -0.428703 0.005015 0.903432 105.973717
0.880400 -0.010184 0.474122 -3.368548 0.010902 0.999940 0.001235 -2.087826 -0.474106 0.004082 0.880458 106.276895
0.855336 -0.009371 0.517989 -3.173368 0.009497 0.999952 0.002408 -2.095464 -0.517987 0.002860 0.855384 106.554418
0.828511 -0.006534 0.559935 -2.951841 0.006197 0.999978 0.002500 -2.103335 -0.559939 0.001399 0.828533 106.841553
0.797257 -0.001140 0.603639 -2.698066 0.001962 0.999998 -0.000703 -2.112652 -0.603636 0.001745 0.797258 107.142994
0.763355 0.004615 0.645962 -2.435787 -0.001376 0.999984 -0.005517 -2.123712 -0.645978 0.003322 0.763349 107.423361
0.726925 0.009359 0.686653 -2.145247 -0.003494 0.999945 -0.009929 -2.136909 -0.686708 0.004819 0.726917 107.704072
0.686055 0.009428 0.727488 -1.862633 -0.003704 0.999948 -0.009466 -2.149525 -0.727540 0.003800 0.686055 107.939048
0.643823 0.005636 0.765153 -1.565084 -0.000881 0.999978 -0.006624 -2.161225 -0.765174 0.003591 0.643814 108.155923
0.599462 0.003811 0.800394 -1.251375 0.003202 0.999969 -0.007159 -2.173036 -0.800397 0.006854 0.599431 108.362804
0.553411 0.002400 0.832905 -0.945684 0.007594 0.999940 -0.007928 -2.184550 -0.832874 0.010713 0.553359 108.534104
0.504214 0.000686 0.863579 -0.618247 0.011909 0.999899 -0.007748 -2.196187 -0.863497 0.014191 0.504155 108.694743
0.453033 -0.004257 0.891484 -0.268908 0.017861 0.999831 -0.004302 -2.206845 -0.891315 0.017872 0.453032 108.843307
0.399266 -0.001680 0.916834 0.118598 0.021094 0.999750 -0.007353 -2.218750 -0.916593 0.022275 0.399202 108.985941
0.346901 0.002818 0.937897 0.512443 0.020125 0.999743 -0.010447 -2.231824 -0.937686 0.022500 0.346755 109.105730
0.296263 0.007316 0.955078 0.903925 0.016479 0.999783 -0.012770 -2.245799 -0.954964 0.019522 0.296078 109.204423
0.249281 0.007629 0.968401 1.292947 0.016115 0.999798 -0.012024 -2.259624 -0.968297 0.018603 0.249108 109.285153
0.206655 0.002287 0.978411 1.692931 0.016316 0.999850 -0.005784 -2.271585 -0.978278 0.017159 0.206586 109.356518
0.170038 -0.003712 0.985431 2.133123 0.015999 0.999872 0.001005 -2.281475 -0.985308 0.015595 0.170075 109.414539
0.135770 -0.006109 0.990721 2.554097 0.015598 0.999870 0.004027 -2.289394 -0.990618 0.014906 0.135848 109.455762
0.105676 -0.004521 0.994390 2.973436 0.017799 0.999838 0.002654 -2.297492 -0.994241 0.017419 0.105739 109.487445
0.076356 0.001292 0.997080 3.415317 0.022639 0.999739 -0.003029 -2.307813 -0.996824 0.022804 0.076307 109.511242
0.049896 0.005824 0.998737 3.912988 0.027144 0.999606 -0.007185 -2.320983 -0.998386 0.027468 0.049719 109.534016
0.024468 0.002152 0.999698 4.455870 0.029328 0.999566 -0.002869 -2.334119 -0.999270 0.029389 0.024394 109.535192
0.001441 -0.004397 0.999989 4.972292 0.028998 0.999570 0.004353 -2.343321 -0.999578 0.028991 0.001567 109.514182
-0.017878 -0.009934 0.999791 5.530739 0.027319 0.999572 0.010421 -2.349611 -0.999467 0.027499 -0.017599 109.484612
-0.032794 -0.011091 0.999401 6.078154 0.021602 0.999697 0.011803 -2.354268 -0.999229 0.021976 -0.032545 109.457732
-0.044137 -0.008729 0.998987 6.656933 0.016780 0.999814 0.009478 -2.359489 -0.998885 0.017181 -0.043982 109.425324
-0.051291 -0.010735 0.998626 7.263652 0.016989 0.999788 0.011620 -2.364679 -0.998539 0.017562 -0.051098 109.388673
-0.055024 -0.015164 0.998370 7.927170 0.021000 0.999646 0.016341 -2.367737 -0.998264 0.021865 -0.054686 109.348272
-0.055910 -0.016478 0.998300 8.632148 0.022798 0.999582 0.017776 -2.368593 -0.998176 0.023753 -0.055511 109.309485
-0.055693 -0.015712 0.998324 9.414050 0.022990 0.999591 0.017014 -2.368771 -0.998183 0.023899 -0.055309 109.270832
-0.054878 -0.012030 0.998421 10.171882 0.022715 0.999654 0.013293 -2.370649 -0.998235 0.023409 -0.054586 109.234388
-0.053762 -0.010536 0.998498 10.864502 0.021704 0.999696 0.011717 -2.374697 -0.998318 0.022301 -0.053516 109.199522
-0.052698 -0.009349 0.998567 11.582139 0.021256 0.999719 0.010482 -2.379740 -0.998384 0.021778 -0.052484 109.165702
-0.052363 -0.009261 0.998585 12.292421 0.021603 0.999712 0.010405 -2.385265 -0.998394 0.022117 -0.052148 109.132768
-0.053339 -0.007291 0.998550 13.021912 0.023190 0.999695 0.008538 -2.391472 -0.998307 0.023612 -0.053154 109.100145
-0.053858 -0.007763 0.998518 13.735912 0.025165 0.999642 0.009129 -2.398166 -0.998231 0.025619 -0.053644 109.066658
-0.054535 -0.007818 0.998481 14.426182 0.027476 0.999579 0.009327 -2.404494 -0.998134 0.027943 -0.054297 109.034641
-0.055915 -0.007553 0.998407 15.221798 0.028650 0.999547 0.009166 -2.411120 -0.998024 0.029117 -0.055673 108.996061
-0.058038 -0.006923 0.998290 16.005396 0.029444 0.999529 0.008644 -2.417953 -0.997880 0.029896 -0.057807 108.954967
-0.057989 -0.009244 0.998274 16.720699 0.032270 0.999417 0.011129 -2.423939 -0.997796 0.032860 -0.057657 108.915679
-0.059661 -0.009500 0.998173 17.450766 0.034158 0.999350 0.011553 -2.428895 -0.997634 0.034785 -0.059298 108.877393
-0.060759 -0.005750 0.998136 18.292390 0.035721 0.999330 0.007931 -2.435039 -0.997513 0.036137 -0.060513 108.835303
-0.061150 -0.003387 0.998123 19.103017 0.031317 0.999495 0.005311 -2.443776 -0.997637 0.031583 -0.061013 108.793206
-0.060992 -0.004440 0.998128 19.915989 0.026310 0.999635 0.006054 -2.453475 -0.997791 0.026630 -0.060853 108.749139
-0.062467 -0.005472 0.998032 20.742124 0.024245 0.999682 0.006999 -2.462554 -0.997753 0.024634 -0.062315 108.703963
-0.063257 -0.002211 0.997995 21.612585 0.026925 0.999630 0.003921 -2.472399 -0.997634 0.027119 -0.063174 108.656457
-0.063029 0.000847 0.998011 22.458036 0.031400 0.999506 0.001134 -2.484636 -0.997518 0.031409 -0.063025 108.610000
-0.063388 0.002575 0.997986 23.300400 0.036543 0.999332 -0.000258 -2.498769 -0.997320 0.036454 -0.063440 108.564044
-0.062500 0.005569 0.998029 24.176500 0.041938 0.999116 -0.002949 -2.514962 -0.997163 0.041671 -0.062679 108.515706
-0.061669 0.008972 0.998056 24.983444 0.043993 0.999012 -0.006263 -2.532776 -0.997127 0.043521 -0.062003 108.474007
-0.060665 0.005809 0.998141 25.820707 0.037349 0.999296 -0.003546 -2.551682 -0.997459 0.037064 -0.060840 108.424722
-0.059916 0.002161 0.998201 26.642001 0.025657 0.999671 -0.000624 -2.567992 -0.997874 0.025574 -0.059951 108.377335
-0.059210 -0.000462 0.998245 27.458302 0.019378 0.999811 0.001612 -2.582005 -0.998057 0.019440 -0.059190 108.330520
-0.057240 -0.001873 0.998359 28.327646 0.025228 0.999676 0.003321 -2.594887 -0.998042 0.025377 -0.057174 108.283749
-0.055735 -0.003948 0.998438 29.165992 0.033969 0.999406 0.005848 -2.605739 -0.997868 0.034242 -0.055568 108.239265
-0.055167 -0.004169 0.998468 29.972581 0.036979 0.999297 0.006216 -2.615077 -0.997792 0.037265 -0.054974 108.199632
-0.055066 -0.003153 0.998478 30.770573 0.035985 0.999339 0.005140 -2.624631 -0.997834 0.036213 -0.054917 108.163420
-0.055256 -0.000649 0.998472 31.561201 0.034628 0.999397 0.002566 -2.635523 -0.997872 0.034717 -0.055200 108.129740
-0.056253 0.001378 0.998416 32.376139 0.034914 0.999390 0.000588 -2.648458 -0.997806 0.034892 -0.056267 108.093813
-0.058421 0.002273 0.998289 33.136754 0.035554 0.999368 -0.000194 -2.661938 -0.997659 0.035482 -0.058465 108.057222
-0.060178 0.002921 0.998183 33.898877 0.035693 0.999362 -0.000772 -2.675950 -0.997549 0.035582 -0.060244 108.018178
-0.062764 0.003973 0.998020 34.695649 0.035384 0.999372 -0.001753 -2.690947 -0.997401 0.035204 -0.062865 107.973338
-0.064724 0.005510 0.997888 35.482283 0.036449 0.999331 -0.003154 -2.706740 -0.997237 0.036168 -0.064881 107.927849
-0.066299 0.005599 0.997784 36.262896 0.038361 0.999259 -0.003058 -2.723027 -0.997062 0.038073 -0.066464 107.879705
-0.068628 0.005792 0.997625 37.021818 0.038707 0.999246 -0.003138 -2.738989 -0.996891 0.038399 -0.068800 107.832010
-0.070445 0.005953 0.997498 37.767417 0.037754 0.999282 -0.003298 -2.754892 -0.996801 0.037427 -0.070619 107.785753
-0.073342 0.005930 0.997289 38.572490 0.037626 0.999287 -0.003174 -2.771722 -0.996597 0.037291 -0.073513 107.733100
-0.074270 0.005246 0.997224 39.375144 0.039194 0.999229 -0.002338 -2.788156 -0.996468 0.038911 -0.074418 107.677971
-0.075368 0.005270 0.997142 40.135319 0.040219 0.999188 -0.002241 -2.803525 -0.996344 0.039935 -0.075519 107.623844
-0.076885 0.006064 0.997021 40.897309 0.040694 0.999167 -0.002939 -2.819102 -0.996209 0.040347 -0.077068 107.567695
-0.078543 0.007793 0.996880 41.634466 0.040991 0.999149 -0.004581 -2.835208 -0.996068 0.040503 -0.078796 107.514619
-0.079461 0.009201 0.996795 42.380633 0.042103 0.999096 -0.005866 -2.852588 -0.995949 0.041502 -0.079776 107.461013
-0.080332 0.010385 0.996714 43.101744 0.042096 0.999089 -0.007017 -2.870391 -0.995879 0.041394 -0.080696 107.407165
-0.082787 0.009886 0.996518 43.859756 0.039071 0.999214 -0.006667 -2.889203 -0.995801 0.038383 -0.083108 107.347129
-0.083235 0.009754 0.996482 44.560876 0.035746 0.999338 -0.006797 -2.906805 -0.995889 0.035055 -0.083529 107.289236
-0.083060 0.011160 0.996482 45.280823 0.034263 0.999378 -0.008336 -2.925331 -0.995955 0.033450 -0.083391 107.231210
-0.083513 0.010120 0.996455 45.961752 0.033321 0.999418 -0.007357 -2.943285 -0.995949 0.032588 -0.083801 107.173845
-0.083852 0.008691 0.996440 46.606026 0.034329 0.999394 -0.005827 -2.959672 -0.995887 0.033719 -0.084099 107.119395
-0.084932 0.007903 0.996355 47.256552 0.035609 0.999354 -0.004892 -2.975370 -0.995750 0.035064 -0.085159 107.063189
-0.085734 0.010075 0.996267 47.857090 0.035132 0.999358 -0.007083 -2.990663 -0.995699 0.034394 -0.086033 107.011181
-0.086351 0.011570 0.996198 48.523386 0.035252 0.999342 -0.008550 -3.008386 -0.995641 0.034380 -0.086702 106.957684
-0.086651 0.010398 0.996184 49.122087 0.037089 0.999286 -0.007204 -3.024707 -0.995548 0.036324 -0.086975 106.907895
-0.087878 0.009403 0.996087 49.705505 0.038112 0.999255 -0.006070 -3.039982 -0.995402 0.037429 -0.088171 106.857791
-0.091032 0.012192 0.995773 50.371247 0.038607 0.999217 -0.008704 -3.057403 -0.995099 0.037652 -0.091431 106.801038
-0.095753 0.015186 0.995289 51.055162 0.039052 0.999171 -0.011488 -3.077058 -0.994639 0.037768 -0.096266 106.741334
-0.101788 0.011735 0.994737 51.706375 0.035822 0.999325 -0.008124 -3.095684 -0.994161 0.034806 -0.102140 106.674949
-0.108487 0.009604 0.994051 52.363326 0.033148 0.999432 -0.006038 -3.112604 -0.993545 0.032296 -0.108744 106.599932
-0.115546 0.009853 0.993253 53.007445 0.032163 0.999464 -0.006173 -3.128722 -0.992781 0.031232 -0.115800 106.525767
-0.121416 0.013191 0.992514 53.647388 0.032713 0.999422 -0.009281 -3.145918 -0.992063 0.031341 -0.121777 106.453012
-0.127282 0.013752 0.991771 54.307346 0.034477 0.999361 -0.009432 -3.164563 -0.991267 0.032992 -0.127675 106.373425
-0.130979 0.015488 0.991264 54.970127 0.034267 0.999351 -0.011086 -3.183918 -0.990793 0.032515 -0.131425 106.292112
-0.135340 0.017589 0.990643 55.654041 0.034881 0.999307 -0.012977 -3.204944 -0.990185 0.032798 -0.135860 106.204366
-0.138300 0.017818 0.990230 56.347251 0.038572 0.999176 -0.012592 -3.226720 -0.989639 0.036454 -0.138873 106.110300
-0.140629 0.017865 0.989901 56.984808 0.042982 0.999005 -0.011923 -3.246746 -0.989129 0.040871 -0.141257 106.021683
-0.142204 0.018686 0.989661 57.679785 0.046668 0.998837 -0.012154 -3.268130 -0.988737 0.044457 -0.142911 105.926712
-0.143801 0.018769 0.989429 58.337931 0.047076 0.998818 -0.012105 -3.288682 -0.988486 0.044838 -0.144515 105.834758
-0.144901 0.015973 0.989317 59.001948 0.043957 0.998986 -0.009691 -3.308552 -0.988469 0.042083 -0.145456 105.740374
-0.145355 0.009819 0.989331 59.690129 0.040416 0.999175 -0.003979 -3.326241 -0.988554 0.039406 -0.145632 105.642692
-0.146260 0.004734 0.989235 60.380112 0.036301 0.999341 0.000585 -3.340363 -0.988580 0.035996 -0.146335 105.544934
-0.147744 0.002244 0.989023 61.089106 0.034345 0.999406 0.002863 -3.352255 -0.988429 0.034391 -0.147733 105.442754
-0.148951 0.005572 0.988829 61.840308 0.037353 0.999302 -0.000004 -3.364666 -0.988139 0.036935 -0.149055 105.337088
-0.150083 0.008357 0.988638 62.582201 0.043348 0.999058 -0.001864 -3.378828 -0.987723 0.042575 -0.150304 105.232152
-0.150955 0.007793 0.988510 63.310922 0.046504 0.998918 -0.000773 -3.393180 -0.987446 0.045853 -0.151154 105.125004
-0.151807 0.007417 0.988382 64.014144 0.047475 0.998872 -0.000204 -3.406622 -0.987269 0.046892 -0.151988 105.022221
-0.154554 0.009241 0.987941 64.710191 0.046431 0.998919 -0.002080 -3.420393 -0.986893 0.045550 -0.154816 104.918939
-0.156662 0.008859 0.987612 65.384098 0.045643 0.998956 -0.001721 -3.434360 -0.986597 0.044808 -0.156903 104.815442
-0.159350 0.008503 0.987185 66.082754 0.046134 0.998935 -0.001158 -3.448325 -0.986144 0.045358 -0.159573 104.705032
-0.161888 0.008267 0.986774 66.817515 0.046527 0.998917 -0.000736 -3.462493 -0.985712 0.045792 -0.162097 104.589149
-0.163541 0.008704 0.986498 67.552126 0.046871 0.998900 -0.001043 -3.476566 -0.985423 0.046067 -0.163769 104.470835
-0.164100 0.008996 0.986403 68.264852 0.046928 0.998897 -0.001303 -3.490603 -0.985327 0.046076 -0.164341 104.356741
-0.165271 0.008752 0.986209 68.962665 0.046265 0.998929 -0.001111 -3.504527 -0.985162 0.045443 -0.165499 104.246106
-0.165696 0.008033 0.986144 69.653931 0.046962 0.998897 -0.000247 -3.518019 -0.985058 0.046270 -0.165890 104.136856
-0.166689 0.007853 0.985978 70.364719 0.047077 0.998891 0.000003 -3.531335 -0.984885 0.046417 -0.166874 104.022750
-0.167527 0.008324 0.985832 71.041370 0.050015 0.998748 0.000066 -3.544159 -0.984598 0.049317 -0.167734 103.915671
-0.168750 0.009806 0.985610 71.793844 0.052078 0.998642 -0.001019 -3.558389 -0.984282 0.051157 -0.169032 103.798376
-0.171005 0.010789 0.985211 72.586008 0.054243 0.998527 -0.001520 -3.573662 -0.983776 0.053181 -0.171339 103.668444
-0.173728 0.010321 0.984740 73.327892 0.055206 0.998475 -0.000726 -3.588144 -0.983245 0.054237 -0.174033 103.542880
-0.175412 0.009213 0.984452 74.124127 0.055172 0.998477 0.000486 -3.602631 -0.982948 0.054399 -0.175653 103.406622
-0.177498 0.010013 0.984070 74.958352 0.054741 0.998501 -0.000287 -3.617372 -0.982597 0.053818 -0.177780 103.265163
-0.179272 0.009353 0.983755 75.797926 0.051657 0.998665 -0.000081 -3.632482 -0.982442 0.050803 -0.179516 103.120069
-0.179996 0.009758 0.983619 76.624264 0.049288 0.998784 -0.000889 -3.647527 -0.982432 0.048321 -0.180258 102.975189
-0.181029 0.008523 0.983441 77.492853 0.046465 0.998920 -0.000104 -3.663136 -0.982380 0.045677 -0.181229 102.817416
-0.181451 0.006883 0.983376 78.332536 0.046608 0.998912 0.001609 -3.677461 -0.982295 0.046125 -0.181574 102.667318
-0.181116 0.003742 0.983455 79.157020 0.048134 0.998828 0.005064 -3.689512 -0.982283 0.048255 -0.181084 102.517963
-0.181042 0.003884 0.983468 79.993867 0.050079 0.998731 0.005274 -3.700027 -0.982200 0.050206 -0.181007 102.372712
-0.181066 0.004428 0.983461 80.830536 0.051919 0.998638 0.005063 -3.710509 -0.982100 0.051977 -0.181049 102.227226
-0.180526 0.006051 0.983551 81.666357 0.054548 0.998504 0.003869 -3.721462 -0.982056 0.054349 -0.180586 102.080699
-0.179063 0.006214 0.983818 82.475021 0.058538 0.998276 0.004350 -3.732605 -0.982095 0.058370 -0.179118 101.938791
-0.178005 0.006224 0.984010 83.288489 0.063325 0.997980 0.005143 -3.743326 -0.981990 0.063228 -0.178039 101.797351
-0.176270 0.008079 0.984309 84.131804 0.063772 0.997959 0.003229 -3.754552 -0.982274 0.063340 -0.176426 101.651657
-0.175118 0.006439 0.984526 84.931587 0.059705 0.998208 0.004091 -3.765918 -0.982735 0.059497 -0.175189 101.510991
-0.172697 0.005180 0.984961 85.743520 0.053912 0.998537 0.004201 -3.776976 -0.983499 0.053827 -0.172723 101.370960
-0.171476 0.006377 0.985168 86.575121 0.050487 0.998722 0.002323 -3.788882 -0.983894 0.050137 -0.171578 101.233014
-0.170527 0.008217 0.985319 87.426950 0.053110 0.998588 0.000864 -3.802369 -0.983921 0.052478 -0.170723 101.091808
-0.169389 0.008067 0.985516 88.276728 0.055856 0.998438 0.001427 -3.816525 -0.983965 0.055289 -0.169575 100.954367
-0.169077 0.007416 0.985575 89.136652 0.057462 0.998345 0.002346 -3.830128 -0.983926 0.057030 -0.169223 100.813589
-0.167282 0.006919 0.985885 89.946079 0.057933 0.998316 0.002823 -3.842587 -0.984206 0.057588 -0.167401 100.682252
-0.167261 0.007074 0.985887 90.757637 0.058052 0.998310 0.002686 -3.854867 -0.984202 0.057682 -0.167389 100.551011
-0.166907 0.004379 0.985963 91.591473 0.059819 0.998193 0.005693 -3.866336 -0.984156 0.059930 -0.166867 100.414025
-0.166343 0.003431 0.986062 92.418701 0.061745 0.998068 0.006944 -3.875804 -0.984133 0.062040 -0.166233 100.278404
-0.165764 0.002042 0.986163 93.270077 0.059821 0.998177 0.007988 -3.884458 -0.984350 0.060317 -0.165584 100.139640
-0.164913 0.000857 0.986308 94.086933 0.057071 0.998332 0.008675 -3.892213 -0.984656 0.057720 -0.164687 100.008103
-0.164392 0.003987 0.986387 94.879667 0.055804 0.998428 0.005265 -3.900773 -0.984815 0.055910 -0.164356 99.883816
-0.165135 0.008101 0.986238 95.704581 0.058689 0.998275 0.001627 -3.912309 -0.984523 0.058150 -0.165325 99.753196
-0.166875 0.012999 0.985892 96.491505 0.060032 0.998192 -0.003000 -3.926746 -0.984149 0.058685 -0.167354 99.625590
-0.168275 0.014903 0.985627 97.293090 0.059362 0.998224 -0.004959 -3.944162 -0.983951 0.057674 -0.168861 99.492349
-0.169603 0.017094 0.985364 98.082716 0.055154 0.998447 -0.007828 -3.963271 -0.983968 0.053019 -0.170282 99.359853
-0.170324 0.018864 0.985207 98.891990 0.052883 0.998551 -0.009977 -3.984833 -0.983968 0.050402 -0.171075 99.223410
-0.170818 0.018393 0.985131 99.683181 0.052691 0.998566 -0.009508 -4.006945 -0.983893 0.050283 -0.171542 99.092019
-0.171086 0.017287 0.985104 100.474795 0.053749 0.998521 -0.008187 -4.028398 -0.983789 0.051548 -0.171762 98.960098
-0.172196 0.016016 0.984933 101.298512 0.053610 0.998538 -0.006864 -4.049493 -0.983603 0.051620 -0.172803 98.822747
-0.173911 0.014593 0.984653 102.157191 0.050951 0.998684 -0.005801 -4.070357 -0.983442 0.049161 -0.174426 98.680846
-0.175779 0.014311 0.984326 103.008180 0.050005 0.998733 -0.005590 -4.090366 -0.983159 0.048238 -0.176272 98.537498
-0.177839 0.015525 0.983937 103.817313 0.049707 0.998741 -0.006774 -4.109917 -0.982803 0.047704 -0.178386 98.400458
-0.180068 0.016699 0.983512 104.602091 0.050520 0.998693 -0.007707 -4.129953 -0.982356 0.048300 -0.180676 98.268043
-0.183451 0.016727 0.982886 105.398236 0.050446 0.998698 -0.007580 -4.150578 -0.981734 0.048192 -0.184056 98.129708
-0.187313 0.016116 0.982168 106.196891 0.048239 0.998810 -0.007190 -4.170976 -0.981115 0.046032 -0.187867 97.984739
-0.190333 0.017208 0.981569 106.994006 0.046797 0.998869 -0.008437 -4.191670 -0.980604 0.044328 -0.190923 97.840806
-0.193374 0.017097 0.980976 107.830183 0.047111 0.998857 -0.008121 -4.213467 -0.979993 0.044644 -0.193959 97.679722
-0.196098 0.015962 0.980454 108.648964 0.049446 0.998756 -0.006370 -4.234150 -0.979337 0.047230 -0.196644 97.518980
-0.199294 0.014386 0.979834 109.422482 0.049144 0.998781 -0.004668 -4.252491 -0.978707 0.047223 -0.199758 97.362468
-0.200980 0.017767 0.979434 110.177243 0.044544 0.998967 -0.008981 -4.271286 -0.978582 0.041823 -0.201564 97.211385
-0.202474 0.019295 0.979098 110.931077 0.037780 0.999215 -0.011879 -4.292815 -0.978559 0.034585 -0.203044 97.055552
-0.204881 0.014752 0.978676 111.720787 0.034814 0.999364 -0.007776 -4.315091 -0.978168 0.032479 -0.205264 96.889301
-0.208107 0.012648 0.978024 112.468785 0.037950 0.999268 -0.004847 -4.333627 -0.977370 0.036107 -0.208434 96.731137
-0.211936 0.014322 0.977179 113.239579 0.046670 0.998900 -0.004518 -4.351254 -0.976169 0.044647 -0.212371 96.569426
-0.213965 0.015167 0.976724 113.932636 0.048632 0.998805 -0.004856 -4.367498 -0.975630 0.046461 -0.214447 96.419140
-0.216461 0.014067 0.976190 114.653789 0.045053 0.998975 -0.004405 -4.384245 -0.975251 0.043027 -0.216873 96.261249
-0.219221 0.016371 0.975538 115.430505 0.041886 0.999095 -0.007354 -4.402632 -0.974776 0.039249 -0.219708 96.084844
-0.221286 0.016133 0.975075 116.171141 0.038799 0.999217 -0.007727 -4.421765 -0.974437 0.036122 -0.221739 95.912319
-0.223748 0.012036 0.974573 116.913605 0.035958 0.999345 -0.004086 -4.439886 -0.973984 0.034129 -0.224034 95.737112
-0.226539 0.010673 0.973944 117.652057 0.031614 0.999494 -0.003599 -4.456309 -0.973489 0.029975 -0.226762 95.564822
-0.229204 0.010266 0.973324 118.409039 0.028263 0.999593 -0.003887 -4.472943 -0.972968 0.026618 -0.229400 95.386639
-0.232142 0.010297 0.972627 119.128007 0.030577 0.999527 -0.003284 -4.488904 -0.972201 0.028978 -0.232347 95.218880
-0.236145 0.007815 0.971686 119.860731 0.035844 0.999357 0.000674 -4.503469 -0.971056 0.034989 -0.236274 95.040002
-0.241433 0.006564 0.970395 120.565098 0.037942 0.999276 0.002681 -4.515361 -0.969675 0.037466 -0.241508 94.864199
-0.247235 0.007874 0.968924 121.237616 0.039014 0.999237 0.001835 -4.526494 -0.968170 0.038256 -0.247353 94.693847
-0.258679 0.008422 0.965927 121.974550 0.038897 0.999242 0.001705 -4.538600 -0.965180 0.038012 -0.258810 94.496801
-0.269410 0.008402 0.962989 122.626789 0.037873 0.999281 0.001876 -4.549826 -0.962281 0.036976 -0.269534 94.314034
-0.281031 0.006898 0.959674 123.280003 0.036873 0.999313 0.003615 -4.560430 -0.958990 0.036401 -0.281093 94.121652
-0.292648 0.006865 0.956196 123.937619 0.036689 0.999319 0.004054 -4.570404 -0.955516 0.036268 -0.292700 93.922495
-0.304914 0.004185 0.952371 124.635392 0.036888 0.999292 0.007419 -4.579414 -0.951665 0.037394 -0.304853 93.699683
-0.315600 0.001277 0.948891 125.316599 0.037650 0.999228 0.011178 -4.585770 -0.948145 0.039254 -0.315405 93.474317
-0.326258 -0.001762 0.945279 125.973441 0.038967 0.999123 0.015312 -4.589264 -0.944477 0.041830 -0.325903 93.247594
-0.336008 -0.006157 0.941839 126.639993 0.039909 0.998987 0.020768 -4.589367 -0.941013 0.044566 -0.335423 93.008013
-0.344675 -0.010160 0.938667 127.319353 0.041081 0.998820 0.025896 -4.585607 -0.937823 0.047487 -0.343851 92.758046
-0.351561 -0.011118 0.936099 128.030481 0.041740 0.998749 0.027539 -4.578995 -0.935234 0.048755 -0.350657 92.497035
-0.356571 -0.013135 0.934176 128.681665 0.044668 0.998518 0.031090 -4.571383 -0.933200 0.052813 -0.355456 92.250669
-0.359752 -0.017402 0.932886 129.349705 0.049069 0.998090 0.037541 -4.559963 -0.931757 0.059282 -0.358211 91.994836
-0.362286 -0.020882 0.931833 129.979977 0.052891 0.997678 0.042921 -4.545197 -0.930565 0.064835 -0.360340 91.749205
-0.362203 -0.021759 0.931845 130.640913 0.055499 0.997450 0.044863 -4.526876 -0.930446 0.067966 -0.360071 91.490293
-0.362578 -0.025783 0.931597 131.257007 0.050632 0.997596 0.047316 -4.508505 -0.930577 0.064325 -0.360401 91.246617
-0.361840 -0.028171 0.931815 131.879368 0.046010 0.997786 0.048032 -4.488929 -0.931104 0.060253 -0.359742 91.002003
-0.360656 -0.029244 0.932240 132.520738 0.046582 0.997696 0.049319 -4.468134 -0.931535 0.061213 -0.358463 90.754815
-0.359453 -0.029050 0.932711 133.151319 0.049421 0.997520 0.050115 -4.447197 -0.931853 0.064109 -0.357126 90.516271
-0.357266 -0.029662 0.933531 133.817595 0.053296 0.997220 0.052082 -4.423965 -0.932481 0.068361 -0.354692 90.266833
-0.355924 -0.030439 0.934019 134.505734 0.053643 0.997156 0.052939 -4.398714 -0.932974 0.068946 -0.353279 90.008827
-0.352828 -0.032704 0.935116 135.130893 0.051786 0.997175 0.054413 -4.375454 -0.934254 0.067625 -0.350138 89.777311
-0.349171 -0.034528 0.936422 135.773316 0.050580 0.997170 0.055628 -4.350552 -0.935693 0.066788 -0.346437 89.542001
-0.342909 -0.035762 0.938688 136.465499 0.052428 0.996989 0.057136 -4.322398 -0.937905 0.068806 -0.340001 89.291307
-0.338046 -0.036415 0.940425 137.102038 0.055113 0.996770 0.058408 -4.296014 -0.939515 0.071574 -0.334947 89.066758
-0.332550 -0.036707 0.942371 137.738698 0.057795 0.996571 0.059213 -4.268983 -0.941313 0.074156 -0.329289 88.846090
-0.328618 -0.035768 0.943785 138.357991 0.058864 0.996564 0.058264 -4.242961 -0.942627 0.074701 -0.325384 88.635788
-0.323657 -0.035848 0.945495 139.032805 0.061434 0.996377 0.058807 -4.214257 -0.944178 0.077119 -0.320282 88.407186
-0.319856 -0.037308 0.946731 139.654005 0.064277 0.996068 0.060968 -4.187380 -0.945284 0.080354 -0.316200 88.201204
-0.315623 -0.039190 0.948075 140.266504 0.066575 0.995770 0.063325 -4.159508 -0.946546 0.083105 -0.311679 88.000986
-0.310865 -0.037164 0.949727 140.842703 0.068744 0.995739 0.061466 -4.133598 -0.947965 0.084395 -0.306986 87.816821
-0.306498 -0.034967 0.951229 141.404516 0.067665 0.995997 0.058415 -4.110093 -0.949463 0.082269 -0.302905 87.641374
-0.300468 -0.035103 0.953146 142.014179 0.065424 0.996210 0.057313 -4.085550 -0.951545 0.079579 -0.297033 87.455554
-0.292091 -0.037613 0.955651 142.654712 0.063760 0.996237 0.058699 -4.059322 -0.954263 0.078078 -0.288594 87.262884
-0.284016 -0.037346 0.958092 143.268506 0.063218 0.996337 0.057577 -4.034391 -0.956733 0.076922 -0.280615 87.084539
-0.275199 -0.033902 0.960789 143.923577 0.065452 0.996399 0.053906 -4.009306 -0.959157 0.077721 -0.271989 86.902671
-0.263218 -0.032872 0.964176 144.532619 0.068103 0.996293 0.052559 -3.987934 -0.962330 0.079498 -0.260003 86.739503
-0.249931 -0.033521 0.967683 145.110749 0.070229 0.996141 0.052645 -3.968288 -0.965713 0.081117 -0.246613 86.592426
-0.235717 -0.033244 0.971253 145.714780 0.072433 0.996034 0.051671 -3.948116 -0.969119 0.082530 -0.232374 86.450185
-0.219296 -0.033076 0.975097 146.340134 0.073615 0.996015 0.050342 -3.927937 -0.972877 0.082822 -0.215988 86.313535
-0.199100 -0.033267 0.979414 146.934417 0.074884 0.995985 0.049052 -3.910153 -0.977114 0.083109 -0.195809 86.199748
